 n pressure temperature e- H2 H H+ H- VO TiO CO2 He H2O CH4 CO NH3 N2 PH3 H2S  Fe Na  K 	
  1  0.17780E-03  532.21 0.127E-28 0.836E+00 0.116E-16 0.450E-37 0.450E-37 0.450E-37 0.450E-37 0.320E-08 0.162E+00 0.819E-03 0.465E-03 0.425E-07 0.172E-06 0.685E-04 0.132E-18 0.254E-04 0.926E-29 0.708E-14 0.254E-18
  2  0.20500E-03  534.68 0.166E-28 0.836E+00 0.136E-16 0.450E-37 0.450E-37 0.450E-37 0.450E-37 0.289E-08 0.162E+00 0.819E-03 0.465E-03 0.400E-07 0.188E-06 0.685E-04 0.179E-18 0.254E-04 0.124E-28 0.819E-14 0.325E-18
  3  0.23630E-03  539.52 0.341E-28 0.836E+00 0.198E-16 0.450E-37 0.450E-37 0.450E-37 0.450E-37 0.310E-08 0.162E+00 0.819E-03 0.465E-03 0.465E-07 0.196E-06 0.685E-04 0.290E-18 0.254E-04 0.248E-28 0.124E-13 0.675E-18
  4  0.27240E-03  544.07 0.657E-28 0.836E+00 0.277E-16 0.450E-37 0.450E-37 0.450E-37 0.450E-37 0.324E-08 0.162E+00 0.819E-03 0.465E-03 0.524E-07 0.206E-06 0.685E-04 0.458E-18 0.254E-04 0.466E-28 0.180E-13 0.130E-17
  5  0.31390E-03  546.97 0.921E-28 0.836E+00 0.334E-16 0.450E-37 0.450E-37 0.450E-37 0.450E-37 0.300E-08 0.162E+00 0.819E-03 0.465E-03 0.508E-07 0.223E-06 0.685E-04 0.634E-18 0.254E-04 0.658E-28 0.216E-13 0.177E-17
  6  0.36190E-03  550.13 0.135E-27 0.836E+00 0.410E-16 0.450E-37 0.450E-37 0.450E-37 0.450E-37 0.282E-08 0.162E+00 0.819E-03 0.465E-03 0.501E-07 0.242E-06 0.685E-04 0.894E-18 0.254E-04 0.964E-28 0.265E-13 0.252E-17
  7  0.41710E-03  553.10 0.189E-27 0.836E+00 0.495E-16 0.450E-37 0.450E-37 0.450E-37 0.450E-37 0.262E-08 0.162E+00 0.819E-03 0.465E-03 0.487E-07 0.262E-06 0.684E-04 0.124E-17 0.254E-04 0.136E-27 0.318E-13 0.344E-17
  8  0.48080E-03  555.48 0.236E-27 0.836E+00 0.565E-16 0.450E-37 0.450E-37 0.450E-37 0.450E-37 0.232E-08 0.162E+00 0.819E-03 0.465E-03 0.448E-07 0.288E-06 0.684E-04 0.164E-17 0.254E-04 0.174E-27 0.356E-13 0.416E-17
  9  0.55420E-03  557.97 0.299E-27 0.836E+00 0.651E-16 0.450E-37 0.450E-37 0.450E-37 0.450E-37 0.207E-08 0.162E+00 0.819E-03 0.465E-03 0.416E-07 0.316E-06 0.684E-04 0.218E-17 0.254E-04 0.225E-27 0.403E-13 0.512E-17
 10  0.63880E-03  561.01 0.415E-27 0.836E+00 0.784E-16 0.450E-37 0.450E-37 0.450E-37 0.450E-37 0.192E-08 0.162E+00 0.819E-03 0.465E-03 0.403E-07 0.344E-06 0.684E-04 0.302E-17 0.254E-04 0.317E-27 0.483E-13 0.696E-17
 11  0.73640E-03  564.45 0.611E-27 0.836E+00 0.972E-16 0.450E-37 0.450E-37 0.450E-37 0.450E-37 0.182E-08 0.162E+00 0.819E-03 0.465E-03 0.402E-07 0.371E-06 0.684E-04 0.429E-17 0.254E-04 0.473E-27 0.600E-13 0.101E-16
 12  0.84880E-03  568.23 0.947E-27 0.836E+00 0.124E-15 0.450E-37 0.450E-37 0.450E-37 0.450E-37 0.176E-08 0.162E+00 0.819E-03 0.465E-03 0.411E-07 0.397E-06 0.684E-04 0.621E-17 0.254E-04 0.738E-27 0.769E-13 0.156E-16
 13  0.97840E-03  572.47 0.157E-26 0.836E+00 0.163E-15 0.450E-37 0.450E-37 0.450E-37 0.450E-37 0.175E-08 0.162E+00 0.819E-03 0.465E-03 0.435E-07 0.423E-06 0.684E-04 0.927E-17 0.254E-04 0.123E-26 0.103E-12 0.258E-16
 14  0.11278E-02  577.10 0.278E-26 0.836E+00 0.219E-15 0.450E-37 0.450E-37 0.450E-37 0.450E-37 0.178E-08 0.162E+00 0.819E-03 0.465E-03 0.472E-07 0.447E-06 0.683E-04 0.141E-16 0.254E-04 0.214E-26 0.142E-12 0.455E-16
 15  0.13000E-02  584.29 0.751E-26 0.836E+00 0.359E-15 0.450E-37 0.450E-37 0.450E-37 0.450E-37 0.211E-08 0.162E+00 0.819E-03 0.465E-03 0.619E-07 0.452E-06 0.683E-04 0.253E-16 0.254E-04 0.538E-26 0.249E-12 0.125E-15
 16  0.14985E-02  591.81 0.206E-25 0.836E+00 0.594E-15 0.450E-37 0.450E-37 0.450E-37 0.450E-37 0.253E-08 0.162E+00 0.819E-03 0.465E-03 0.822E-07 0.456E-06 0.683E-04 0.457E-16 0.254E-04 0.138E-25 0.444E-12 0.350E-15
 17  0.17273E-02  598.17 0.456E-25 0.836E+00 0.889E-15 0.450E-37 0.450E-37 0.450E-37 0.450E-37 0.280E-08 0.162E+00 0.819E-03 0.465E-03 0.990E-07 0.470E-06 0.683E-04 0.760E-16 0.254E-04 0.293E-25 0.697E-12 0.783E-15
 18  0.19910E-02  603.63 0.909E-25 0.836E+00 0.124E-14 0.450E-37 0.916E-37 0.450E-37 0.450E-37 0.292E-08 0.162E+00 0.819E-03 0.465E-03 0.111E-06 0.493E-06 0.683E-04 0.118E-15 0.254E-04 0.541E-25 0.997E-12 0.148E-14
 19  0.22950E-02  607.74 0.145E-24 0.836E+00 0.155E-14 0.450E-37 0.196E-36 0.450E-37 0.450E-37 0.280E-08 0.162E+00 0.818E-03 0.465E-03 0.112E-06 0.530E-06 0.683E-04 0.169E-15 0.254E-04 0.819E-25 0.125E-11 0.219E-14
 20  0.26454E-02  611.43 0.212E-24 0.836E+00 0.187E-14 0.450E-37 0.371E-36 0.450E-37 0.450E-37 0.261E-08 0.162E+00 0.818E-03 0.465E-03 0.109E-06 0.575E-06 0.683E-04 0.234E-15 0.254E-04 0.116E-24 0.151E-11 0.301E-14
 21  0.30493E-02  615.39 0.320E-24 0.836E+00 0.231E-14 0.450E-37 0.709E-36 0.450E-37 0.450E-37 0.247E-08 0.162E+00 0.819E-03 0.465E-03 0.108E-06 0.620E-06 0.683E-04 0.329E-15 0.254E-04 0.171E-24 0.185E-11 0.430E-14
 22  0.35148E-02  619.62 0.501E-24 0.836E+00 0.288E-14 0.450E-37 0.137E-35 0.450E-37 0.450E-37 0.236E-08 0.162E+00 0.819E-03 0.465E-03 0.109E-06 0.667E-06 0.682E-04 0.469E-15 0.254E-04 0.257E-24 0.231E-11 0.635E-14
 23  0.40515E-02  624.21 0.815E-24 0.836E+00 0.367E-14 0.450E-37 0.268E-35 0.450E-37 0.450E-37 0.229E-08 0.162E+00 0.819E-03 0.465E-03 0.112E-06 0.714E-06 0.681E-04 0.679E-15 0.254E-04 0.403E-24 0.297E-11 0.983E-14
 24  0.46701E-02  629.22 0.139E-23 0.836E+00 0.480E-14 0.450E-37 0.536E-35 0.450E-37 0.450E-37 0.227E-08 0.162E+00 0.819E-03 0.465E-03 0.118E-06 0.760E-06 0.681E-04 0.100E-14 0.254E-04 0.661E-24 0.393E-11 0.160E-13
 25  0.53831E-02  634.68 0.247E-23 0.836E+00 0.642E-14 0.450E-37 0.109E-34 0.450E-37 0.450E-37 0.230E-08 0.162E+00 0.819E-03 0.465E-03 0.127E-06 0.804E-06 0.681E-04 0.151E-14 0.254E-04 0.113E-23 0.535E-11 0.276E-13
 26  0.62050E-02  640.65 0.461E-23 0.836E+00 0.881E-14 0.450E-37 0.227E-34 0.450E-37 0.450E-37 0.238E-08 0.162E+00 0.819E-03 0.465E-03 0.141E-06 0.846E-06 0.681E-04 0.233E-14 0.254E-04 0.204E-23 0.753E-11 0.505E-13
 27  0.71524E-02  647.17 0.907E-23 0.836E+00 0.124E-13 0.450E-37 0.478E-34 0.450E-37 0.450E-37 0.251E-08 0.162E+00 0.819E-03 0.465E-03 0.160E-06 0.884E-06 0.681E-04 0.367E-14 0.254E-04 0.388E-23 0.110E-10 0.984E-13
 28  0.82445E-02  654.36 0.203E-22 0.836E+00 0.182E-13 0.450E-37 0.134E-33 0.112E-36 0.450E-37 0.273E-08 0.162E+00 0.818E-03 0.465E-03 0.188E-06 0.916E-06 0.681E-04 0.595E-14 0.254E-04 0.783E-23 0.167E-10 0.203E-12
 29  0.95032E-02  662.39 0.532E-22 0.836E+00 0.277E-13 0.450E-37 0.508E-33 0.563E-36 0.450E-37 0.308E-08 0.162E+00 0.818E-03 0.464E-03 0.231E-06 0.940E-06 0.681E-04 0.995E-14 0.254E-04 0.171E-22 0.266E-10 0.470E-12
 30  0.10954E-01  670.60 0.140E-21 0.836E+00 0.420E-13 0.450E-37 0.193E-32 0.268E-35 0.450E-37 0.347E-08 0.162E+00 0.818E-03 0.464E-03 0.283E-06 0.964E-06 0.680E-04 0.166E-13 0.254E-04 0.372E-22 0.424E-10 0.110E-11
 31  0.12627E-01  678.96 0.362E-21 0.836E+00 0.637E-13 0.450E-37 0.719E-32 0.120E-34 0.450E-37 0.390E-08 0.162E+00 0.818E-03 0.464E-03 0.346E-06 0.989E-06 0.680E-04 0.277E-13 0.254E-04 0.805E-22 0.672E-10 0.251E-11
 32  0.14555E-01  687.65 0.940E-21 0.836E+00 0.971E-13 0.450E-37 0.271E-31 0.527E-34 0.450E-37 0.440E-08 0.162E+00 0.818E-03 0.464E-03 0.425E-06 0.101E-05 0.680E-04 0.465E-13 0.254E-04 0.176E-21 0.108E-09 0.581E-11
 33  0.16777E-01  696.75 0.248E-20 0.836E+00 0.150E-12 0.450E-37 0.104E-30 0.227E-33 0.450E-37 0.501E-08 0.162E+00 0.818E-03 0.464E-03 0.529E-06 0.104E-05 0.680E-04 0.785E-13 0.254E-04 0.394E-21 0.174E-09 0.138E-10
 34  0.19338E-01  706.32 0.594E-20 0.836E+00 0.233E-12 0.450E-37 0.365E-30 0.895E-33 0.104E-36 0.575E-08 0.162E+00 0.817E-03 0.463E-03 0.663E-06 0.106E-05 0.680E-04 0.134E-12 0.254E-04 0.898E-21 0.286E-09 0.263E-10
 35  0.22291E-01  716.52 0.143E-19 0.836E+00 0.371E-12 0.450E-37 0.130E-29 0.354E-32 0.367E-36 0.672E-08 0.162E+00 0.816E-03 0.462E-03 0.850E-06 0.107E-05 0.680E-04 0.232E-12 0.254E-04 0.212E-20 0.481E-09 0.479E-10
 36  0.25694E-01  727.66 0.384E-19 0.836E+00 0.609E-12 0.450E-37 0.528E-29 0.153E-31 0.132E-35 0.809E-08 0.162E+00 0.816E-03 0.462E-03 0.113E-05 0.108E-05 0.680E-04 0.411E-12 0.254E-04 0.532E-20 0.840E-09 0.978E-10
 37  0.29618E-01  739.85 0.116E-18 0.836E+00 0.104E-11 0.450E-37 0.246E-28 0.731E-31 0.480E-35 0.101E-07 0.162E+00 0.817E-03 0.463E-03 0.155E-05 0.108E-05 0.680E-04 0.750E-12 0.254E-04 0.142E-19 0.153E-08 0.226E-09
 38  0.34140E-01  753.21 0.366E-18 0.836E+00 0.182E-11 0.450E-37 0.122E-27 0.385E-30 0.205E-34 0.128E-07 0.162E+00 0.816E-03 0.462E-03 0.220E-05 0.106E-05 0.680E-04 0.141E-11 0.254E-04 0.406E-19 0.291E-08 0.548E-09
 39  0.39352E-01  767.90 0.103E-17 0.836E+00 0.333E-11 0.450E-37 0.553E-27 0.225E-29 0.155E-33 0.166E-07 0.162E+00 0.811E-03 0.458E-03 0.322E-05 0.104E-05 0.680E-04 0.274E-11 0.254E-04 0.124E-18 0.579E-08 0.110E-08
 40  0.45361E-01  784.39 0.325E-17 0.836E+00 0.643E-11 0.450E-37 0.289E-26 0.153E-28 0.138E-32 0.226E-07 0.162E+00 0.808E-03 0.454E-03 0.497E-05 0.101E-05 0.680E-04 0.555E-11 0.254E-04 0.420E-18 0.123E-07 0.239E-08
 41  0.52286E-01  803.04 0.113E-16 0.836E+00 0.131E-10 0.450E-37 0.173E-25 0.123E-27 0.149E-31 0.321E-07 0.162E+00 0.803E-03 0.449E-03 0.809E-05 0.959E-06 0.680E-04 0.118E-10 0.255E-04 0.158E-17 0.281E-07 0.546E-08
 42  0.60270E-01  824.01 0.381E-16 0.836E+00 0.285E-10 0.450E-37 0.103E-24 0.116E-26 0.194E-30 0.452E-07 0.162E+00 0.786E-03 0.431E-03 0.134E-04 0.901E-06 0.680E-04 0.269E-10 0.255E-04 0.659E-17 0.682E-07 0.117E-07
 43  0.69472E-01  846.73 0.137E-15 0.836E+00 0.630E-10 0.450E-37 0.664E-24 0.116E-25 0.269E-29 0.674E-07 0.162E+00 0.777E-03 0.422E-03 0.233E-04 0.841E-06 0.681E-04 0.614E-10 0.256E-04 0.287E-16 0.171E-06 0.264E-07
 44  0.80079E-01  872.62 0.467E-15 0.836E+00 0.149E-09 0.450E-37 0.422E-23 0.141E-24 0.467E-28 0.963E-07 0.162E+00 0.749E-03 0.391E-03 0.402E-04 0.772E-06 0.682E-04 0.153E-09 0.259E-04 0.141E-15 0.457E-06 0.497E-07
 45  0.92305E-01  897.90 0.143E-14 0.836E+00 0.328E-09 0.450E-37 0.231E-22 0.138E-23 0.630E-27 0.142E-06 0.162E+00 0.738E-03 0.382E-03 0.693E-04 0.721E-06 0.682E-04 0.346E-09 0.261E-04 0.601E-15 0.113E-05 0.886E-07
 46  0.10640E+00  936.00 0.558E-14 0.836E+00 0.103E-08 0.450E-37 0.196E-21 0.371E-22 0.273E-25 0.198E-06 0.162E+00 0.667E-03 0.311E-03 0.130E-03 0.617E-06 0.682E-04 0.117E-08 0.269E-04 0.488E-14 0.250E-05 0.127E-06
 47  0.12264E+00  975.56 0.183E-13 0.837E+00 0.304E-08 0.450E-37 0.136E-20 0.869E-21 0.101E-23 0.220E-06 0.162E+00 0.586E-03 0.222E-03 0.198E-03 0.535E-06 0.683E-04 0.396E-08 0.272E-04 0.357E-13 0.338E-05 0.148E-06
 48  0.14137E+00 1016.63 0.536E-13 0.837E+00 0.856E-08 0.450E-37 0.808E-20 0.174E-19 0.314E-22 0.218E-06 0.162E+00 0.523E-03 0.142E-03 0.260E-03 0.468E-06 0.683E-04 0.123E-07 0.272E-04 0.236E-12 0.348E-05 0.155E-06
 49  0.16295E+00 1059.25 0.147E-12 0.837E+00 0.230E-07 0.450E-37 0.439E-19 0.300E-18 0.821E-21 0.198E-06 0.162E+00 0.473E-03 0.845E-04 0.308E-03 0.415E-06 0.683E-04 0.354E-07 0.272E-04 0.141E-11 0.349E-05 0.159E-06
 50  0.18783E+00 1103.43 0.388E-12 0.837E+00 0.589E-07 0.450E-37 0.221E-18 0.453E-17 0.185E-19 0.191E-06 0.162E+00 0.428E-03 0.555E-04 0.384E-03 0.372E-06 0.683E-04 0.936E-07 0.272E-04 0.777E-11 0.349E-05 0.164E-06
 51  0.21651E+00 1149.22 0.976E-12 0.837E+00 0.145E-06 0.450E-37 0.104E-17 0.584E-16 0.344E-18 0.166E-06 0.162E+00 0.406E-03 0.309E-04 0.407E-03 0.337E-06 0.683E-04 0.132E-06 0.272E-04 0.388E-10 0.351E-05 0.172E-06
 52  0.24957E+00 1196.64 0.235E-11 0.837E+00 0.340E-06 0.450E-37 0.453E-17 0.673E-15 0.567E-17 0.146E-06 0.162E+00 0.378E-03 0.187E-04 0.440E-03 0.308E-06 0.684E-04 0.191E-06 0.272E-04 0.179E-09 0.352E-05 0.178E-06
 53  0.28768E+00 1245.71 0.550E-11 0.837E+00 0.767E-06 0.450E-37 0.187E-16 0.670E-14 0.782E-16 0.128E-06 0.162E+00 0.369E-03 0.106E-04 0.450E-03 0.284E-06 0.684E-04 0.174E-06 0.272E-04 0.760E-09 0.356E-05 0.189E-06
 54  0.33160E+00 1296.49 0.123E-10 0.837E+00 0.166E-05 0.450E-37 0.721E-16 0.594E-13 0.947E-15 0.113E-06 0.162E+00 0.363E-03 0.619E-05 0.455E-03 0.265E-06 0.684E-04 0.153E-06 0.272E-04 0.300E-08 0.359E-05 0.201E-06
 55  0.38223E+00 1348.97 0.267E-10 0.837E+00 0.348E-05 0.450E-37 0.261E-15 0.468E-12 0.998E-14 0.101E-06 0.162E+00 0.362E-03 0.366E-05 0.457E-03 0.250E-06 0.684E-04 0.132E-06 0.272E-04 0.110E-07 0.363E-05 0.212E-06
 56  0.44059E+00 1403.19 0.556E-10 0.837E+00 0.701E-05 0.450E-37 0.894E-15 0.333E-11 0.939E-13 0.904E-07 0.162E+00 0.359E-03 0.227E-05 0.460E-03 0.237E-06 0.684E-04 0.116E-06 0.271E-04 0.378E-07 0.366E-05 0.222E-06
 57  0.50786E+00 1459.19 0.111E-09 0.837E+00 0.137E-04 0.450E-37 0.286E-14 0.213E-10 0.734E-12 0.825E-07 0.162E+00 0.361E-03 0.143E-05 0.461E-03 0.227E-06 0.684E-04 0.101E-06 0.268E-04 0.122E-06 0.368E-05 0.229E-06
 58  0.58540E+00 1516.94 0.214E-09 0.837E+00 0.258E-04 0.784E-37 0.864E-14 0.123E-09 0.508E-11 0.768E-07 0.162E+00 0.369E-03 0.922E-06 0.463E-03 0.219E-06 0.684E-04 0.895E-07 0.261E-04 0.368E-06 0.370E-05 0.234E-06
 59  0.67478E+00 1576.47 0.397E-09 0.837E+00 0.471E-04 0.451E-36 0.247E-13 0.636E-09 0.301E-10 0.745E-07 0.162E+00 0.391E-03 0.590E-06 0.464E-03 0.214E-06 0.684E-04 0.789E-07 0.247E-04 0.105E-05 0.371E-05 0.237E-06
 60  0.77781E+00 1637.84 0.713E-09 0.837E+00 0.835E-04 0.782E-35 0.670E-13 0.226E-08 0.159E-09 0.752E-07 0.162E+00 0.428E-03 0.377E-06 0.464E-03 0.210E-06 0.684E-04 0.694E-07 0.236E-04 0.282E-05 0.371E-05 0.238E-06
 61  0.89657E+00 1716.11 0.144E-08 0.836E+00 0.166E-03 0.608E-33 0.215E-12 0.712E-08 0.114E-08 0.770E-07 0.162E+00 0.483E-03 0.210E-06 0.464E-03 0.200E-06 0.684E-04 0.577E-07 0.228E-04 0.908E-05 0.372E-05 0.239E-06
 62  0.10335E+01 1761.07 0.202E-08 0.836E+00 0.231E-03 0.584E-32 0.400E-12 0.714E-08 0.312E-08 0.736E-07 0.162E+00 0.485E-03 0.186E-06 0.464E-03 0.209E-06 0.684E-04 0.540E-07 0.227E-04 0.160E-04 0.372E-05 0.239E-06
 63  0.11912E+01 1799.01 0.262E-08 0.836E+00 0.298E-03 0.351E-31 0.660E-12 0.724E-08 0.683E-08 0.712E-07 0.162E+00 0.489E-03 0.178E-06 0.464E-03 0.222E-06 0.684E-04 0.514E-07 0.227E-04 0.245E-04 0.372E-05 0.239E-06
 64  0.13731E+01 1838.23 0.340E-08 0.836E+00 0.383E-03 0.207E-30 0.108E-11 0.696E-08 0.148E-07 0.685E-07 0.162E+00 0.489E-03 0.172E-06 0.464E-03 0.236E-06 0.684E-04 0.483E-07 0.226E-04 0.298E-04 0.372E-05 0.238E-06
 65  0.15828E+01 1879.20 0.440E-08 0.836E+00 0.493E-03 0.123E-29 0.177E-11 0.667E-08 0.320E-07 0.658E-07 0.162E+00 0.489E-03 0.167E-06 0.464E-03 0.251E-06 0.683E-04 0.455E-07 0.225E-04 0.389E-04 0.371E-05 0.237E-06
 66  0.18244E+01 1918.28 0.554E-08 0.836E+00 0.617E-03 0.615E-29 0.278E-11 0.631E-08 0.550E-07 0.635E-07 0.162E+00 0.489E-03 0.166E-06 0.464E-03 0.269E-06 0.683E-04 0.433E-07 0.224E-04 0.462E-04 0.371E-05 0.236E-06
 67  0.21030E+01 1950.25 0.656E-08 0.836E+00 0.725E-03 0.213E-28 0.397E-11 0.595E-08 0.766E-07 0.618E-07 0.162E+00 0.489E-03 0.175E-06 0.464E-03 0.293E-06 0.683E-04 0.423E-07 0.224E-04 0.482E-04 0.371E-05 0.235E-06
 68  0.24241E+01 1976.93 0.741E-08 0.836E+00 0.816E-03 0.567E-28 0.530E-11 0.567E-08 0.107E-06 0.604E-07 0.162E+00 0.489E-03 0.194E-06 0.464E-03 0.322E-06 0.683E-04 0.425E-07 0.224E-04 0.510E-04 0.371E-05 0.234E-06
 69  0.27942E+01 2001.03 0.819E-08 0.836E+00 0.897E-03 0.132E-27 0.683E-11 0.543E-08 0.149E-06 0.592E-07 0.162E+00 0.489E-03 0.219E-06 0.464E-03 0.357E-06 0.683E-04 0.433E-07 0.224E-04 0.546E-04 0.371E-05 0.234E-06
 70  0.32208E+01 2024.01 0.895E-08 0.836E+00 0.976E-03 0.287E-27 0.864E-11 0.515E-08 0.143E-06 0.582E-07 0.162E+00 0.489E-03 0.251E-06 0.464E-03 0.396E-06 0.682E-04 0.436E-07 0.223E-04 0.537E-04 0.371E-05 0.233E-06
 71  0.37126E+01 2047.62 0.978E-08 0.836E+00 0.106E-02 0.628E-27 0.109E-10 0.488E-08 0.137E-06 0.571E-07 0.162E+00 0.489E-03 0.286E-06 0.464E-03 0.439E-06 0.682E-04 0.435E-07 0.223E-04 0.527E-04 0.370E-05 0.232E-06
 72  0.42795E+01 2069.43 0.105E-07 0.835E+00 0.114E-02 0.125E-26 0.135E-10 0.465E-08 0.137E-06 0.562E-07 0.162E+00 0.489E-03 0.332E-06 0.464E-03 0.488E-06 0.681E-04 0.440E-07 0.222E-04 0.527E-04 0.370E-05 0.231E-06
 73  0.49329E+01 2091.49 0.113E-07 0.835E+00 0.122E-02 0.249E-26 0.167E-10 0.443E-08 0.143E-06 0.553E-07 0.162E+00 0.489E-03 0.385E-06 0.464E-03 0.544E-06 0.681E-04 0.447E-07 0.222E-04 0.538E-04 0.370E-05 0.230E-06
 74  0.56860E+01 2111.38 0.120E-07 0.835E+00 0.128E-02 0.448E-26 0.202E-10 0.423E-08 0.147E-06 0.545E-07 0.162E+00 0.489E-03 0.455E-06 0.463E-03 0.608E-06 0.681E-04 0.457E-07 0.222E-04 0.545E-04 0.370E-05 0.229E-06
 75  0.65542E+01 2134.27 0.129E-07 0.835E+00 0.137E-02 0.886E-26 0.249E-10 0.400E-08 0.146E-06 0.537E-07 0.162E+00 0.489E-03 0.528E-06 0.463E-03 0.678E-06 0.680E-04 0.463E-07 0.222E-04 0.545E-04 0.369E-05 0.228E-06
 76  0.75549E+01 2161.21 0.141E-07 0.835E+00 0.150E-02 0.198E-25 0.318E-10 0.375E-08 0.146E-06 0.527E-07 0.162E+00 0.489E-03 0.602E-06 0.463E-03 0.751E-06 0.680E-04 0.466E-07 0.221E-04 0.545E-04 0.369E-05 0.227E-06
 77  0.87084E+01 2193.52 0.160E-07 0.835E+00 0.168E-02 0.519E-25 0.422E-10 0.348E-08 0.144E-06 0.516E-07 0.162E+00 0.489E-03 0.669E-06 0.463E-03 0.827E-06 0.680E-04 0.465E-07 0.221E-04 0.544E-04 0.369E-05 0.226E-06
 78  0.10038E+02 2231.49 0.186E-07 0.835E+00 0.194E-02 0.159E-24 0.582E-10 0.317E-08 0.143E-06 0.504E-07 0.162E+00 0.489E-03 0.726E-06 0.463E-03 0.905E-06 0.679E-04 0.455E-07 0.220E-04 0.544E-04 0.368E-05 0.224E-06
 79  0.11571E+02 2277.88 0.224E-07 0.834E+00 0.232E-02 0.606E-24 0.848E-10 0.284E-08 0.140E-06 0.490E-07 0.162E+00 0.489E-03 0.759E-06 0.463E-03 0.981E-06 0.678E-04 0.429E-07 0.218E-04 0.543E-04 0.368E-05 0.221E-06
 80  0.13337E+02 2335.27 0.283E-07 0.834E+00 0.290E-02 0.304E-23 0.132E-09 0.248E-08 0.137E-06 0.475E-07 0.162E+00 0.489E-03 0.761E-06 0.462E-03 0.105E-05 0.677E-04 0.393E-07 0.215E-04 0.542E-04 0.367E-05 0.216E-06
 81  0.15374E+02 2412.68 0.389E-07 0.833E+00 0.394E-02 0.247E-22 0.232E-09 0.207E-08 0.131E-06 0.456E-07 0.162E+00 0.488E-03 0.708E-06 0.462E-03 0.111E-05 0.676E-04 0.344E-07 0.210E-04 0.541E-04 0.365E-05 0.208E-06
 82  0.17721E+02 2490.71 0.523E-07 0.832E+00 0.524E-02 0.178E-21 0.395E-09 0.173E-08 0.125E-06 0.439E-07 0.162E+00 0.488E-03 0.672E-06 0.462E-03 0.117E-05 0.675E-04 0.302E-07 0.205E-04 0.540E-04 0.364E-05 0.199E-06
 83  0.20427E+02 2569.46 0.689E-07 0.830E+00 0.683E-02 0.115E-20 0.650E-09 0.146E-08 0.117E-06 0.424E-07 0.162E+00 0.487E-03 0.651E-06 0.462E-03 0.124E-05 0.674E-04 0.267E-07 0.199E-04 0.539E-04 0.362E-05 0.189E-06
 84  0.23545E+02 2648.35 0.892E-07 0.828E+00 0.875E-02 0.665E-20 0.104E-08 0.124E-08 0.109E-06 0.411E-07 0.162E+00 0.486E-03 0.642E-06 0.461E-03 0.132E-05 0.673E-04 0.240E-07 0.193E-04 0.537E-04 0.360E-05 0.178E-06
 85  0.27140E+02 2727.28 0.113E-06 0.826E+00 0.110E-01 0.344E-19 0.162E-08 0.106E-08 0.101E-06 0.399E-07 0.161E+00 0.485E-03 0.645E-06 0.461E-03 0.141E-05 0.672E-04 0.218E-07 0.187E-04 0.536E-04 0.357E-05 0.167E-06
 86  0.31284E+02 2806.31 0.142E-06 0.824E+00 0.136E-01 0.162E-18 0.245E-08 0.912E-09 0.930E-07 0.388E-07 0.161E+00 0.485E-03 0.658E-06 0.460E-03 0.152E-05 0.670E-04 0.200E-07 0.181E-04 0.534E-04 0.354E-05 0.156E-06
 87  0.36061E+02 2885.61 0.174E-06 0.821E+00 0.166E-01 0.700E-18 0.362E-08 0.790E-09 0.847E-07 0.378E-07 0.161E+00 0.484E-03 0.678E-06 0.459E-03 0.163E-05 0.667E-04 0.180E-07 0.174E-04 0.532E-04 0.350E-05 0.144E-06
 88  0.41567E+02 2964.96 0.211E-06 0.818E+00 0.199E-01 0.279E-17 0.523E-08 0.690E-09 0.767E-07 0.369E-07 0.161E+00 0.483E-03 0.709E-06 0.457E-03 0.176E-05 0.663E-04 0.165E-07 0.166E-04 0.529E-04 0.345E-05 0.131E-06
 89  0.47913E+02 3044.32 0.252E-06 0.814E+00 0.236E-01 0.102E-16 0.741E-08 0.606E-09 0.691E-07 0.361E-07 0.160E+00 0.482E-03 0.751E-06 0.456E-03 0.190E-05 0.660E-04 0.152E-07 0.160E-04 0.526E-04 0.340E-05 0.120E-06
 90  0.55229E+02 3123.78 0.299E-06 0.810E+00 0.276E-01 0.350E-16 0.103E-07 0.535E-09 0.621E-07 0.354E-07 0.160E+00 0.481E-03 0.804E-06 0.455E-03 0.206E-05 0.657E-04 0.142E-07 0.154E-04 0.524E-04 0.334E-05 0.110E-06
 91  0.63661E+02 3203.44 0.350E-06 0.806E+00 0.320E-01 0.112E-15 0.141E-07 0.475E-09 0.557E-07 0.347E-07 0.160E+00 0.481E-03 0.871E-06 0.454E-03 0.224E-05 0.653E-04 0.135E-07 0.148E-04 0.521E-04 0.327E-05 0.101E-06
