pressure temperature e- H2 H H2- H- VO TiO CO2 He H2O CH4 CO NH3 N2 H2S Na K
1E-06 284.11 4.5E-38 0.836 2.8899999999999994e-35 4.5E-38 4.5E-38 4.5E-38 4.5E-38 3.8299999999999996e-19 0.162 0.000792 0.000465 1.7E-21 1.13E-05 6.27E-05 2.54E-05 4.5E-38 4.5E-38
1.41E-06 282.96 4.5E-38 0.836 1.6699999999999997e-35 4.5E-38 4.5E-38 4.5E-38 4.5E-38 1.47E-19 0.162 0.000799 0.000465 6.06E-22 1.66E-05 5.8599999999999995e-05 2.54E-05 4.5E-38 4.5E-38
2E-06 280.91 4.5E-38 0.836 7.169999999999999e-36 4.5E-38 4.5E-38 4.5E-38 4.5E-38 4.4900000000000004e-20 0.162 0.000807 0.000465 1.61E-22 2.6000000000000002e-05 5.3700000000000004e-05 2.54E-05 4.5E-38 4.5E-38
2.82E-06 278.31 4.5E-38 0.836 2.5199999999999998e-36 4.5E-38 4.5E-38 4.5E-38 4.5E-38 1.1799999999999999e-20 0.162 0.0008150000000000001 0.000465 3.57E-23 4.13E-05 4.72E-05 2.54E-05 4.5E-38 4.5E-38
3.98E-06 275.76 4.5E-38 0.836 8.89E-37 4.5E-38 4.5E-38 4.5E-38 4.5E-38 3.09E-21 0.162 0.000817 0.000465 7.88E-24 5.9699999999999994e-05 3.45E-05 2.54E-05 4.5E-38 4.5E-38
5.62E-06 274.24 4.5E-38 0.836 4.41E-37 4.5E-38 4.5E-38 4.5E-38 4.5E-38 1.04E-21 0.162 0.0008179999999999999 0.000465 2.4E-24 7.8E-05 2.37E-05 2.54E-05 4.5E-38 4.5E-38
7.94E-06 273.55 4.5E-38 0.836 2.9199999999999996e-37 4.5E-38 4.5E-38 4.5E-38 4.5E-38 4.35E-22 0.162 0.000819 0.000465 9.58E-25 9.67E-05 1.65E-05 2.54E-05 4.5E-38 4.5E-38
1.122E-05 273.8 4.5E-38 0.836 2.6799999999999998e-37 4.5E-38 4.5E-38 4.5E-38 4.5E-38 2.3300000000000003e-22 0.162 0.000819 0.000465 5.21E-25 0.00011100000000000001 1.1400000000000001e-05 2.54E-05 4.5E-38 4.5E-38
1.585E-05 275.27 4.5E-38 0.836 3.7599999999999996e-37 4.5E-38 4.5E-38 4.5E-38 4.5E-38 1.72E-22 0.162 0.000819 0.000465 4.24E-25 0.00011599999999999999 7.6E-06 2.54E-05 4.5E-38 4.5E-38
2.239E-05 277.58 4.5E-38 0.836 6.9999999999999994e-37 4.5E-38 4.5E-38 4.5E-38 4.5E-38 1.57E-22 0.162 0.000819 0.000465 4.51E-25 0.00011999999999999999 5.73E-06 2.54E-05 4.5E-38 4.5E-38
3.162E-05 280.27 4.5E-38 0.836 1.4499999999999999e-36 4.5E-38 4.5E-38 4.5E-38 4.5E-38 1.57E-22 0.162 0.000819 0.000465 5.33E-25 0.000127 4.68E-06 2.54E-05 4.5E-38 4.5E-38
4.467E-05 282.92 4.5E-38 0.836 2.9399999999999996e-36 4.5E-38 4.5E-38 4.5E-38 4.5E-38 1.53E-22 0.162 0.000819 0.000465 6.119999999999999e-25 0.000126 3.32E-06 2.54E-05 4.5E-38 4.5E-38
6.31E-05 285.15 4.5E-38 0.836 5.11E-36 4.5E-38 4.5E-38 4.5E-38 4.5E-38 1.33E-22 0.162 0.000819 0.000465 6.1E-25 0.000128 2.33E-06 2.54E-05 4.5E-38 4.5E-38
8.912E-05 286.81 4.5E-38 0.836 7.31E-36 4.5E-38 4.5E-38 4.5E-38 4.5E-38 9.97E-23 0.162 0.000819 0.000465 5.0499999999999995e-25 0.000132 1.56E-06 2.54E-05 4.5E-38 4.5E-38
0.00012589 287.87 4.5E-38 0.836 8.609999999999999e-36 4.5E-38 4.5E-38 4.5E-38 4.5E-38 6.449999999999999e-23 0.162 0.000819 0.000465 3.48E-25 0.000135 9.32E-07 2.54E-05 4.5E-38 4.5E-38
0.00017783 288.35 4.5E-38 0.836 8.419999999999999e-36 4.5E-38 4.5E-38 4.5E-38 4.5E-38 3.6299999999999993e-23 0.162 0.000819 0.000465 2.0100000000000003e-25 0.000135 5.04E-07 2.54E-05 4.5E-38 4.5E-38
0.00025119 288.32 4.5E-38 0.836 7.04E-36 4.5E-38 4.5E-38 4.5E-38 4.5E-38 1.8100000000000002e-23 0.162 0.000819 0.000465 1E-25 0.000136 2.55E-07 2.54E-05 4.5E-38 4.5E-38
0.00035481 287.57 4.5E-38 0.836 4.6599999999999995e-36 4.5E-38 4.5E-38 4.5E-38 4.5E-38 7.56E-24 0.162 0.000819 0.000465 4.0099999999999996e-26 0.00013700000000000002 1.1699999999999999e-07 2.54E-05 4.5E-38 4.5E-38
0.00050119 286.12 4.5E-38 0.836 2.4700000000000002e-36 4.5E-38 4.5E-38 4.5E-38 4.5E-38 2.67E-24 0.162 0.000819 0.000465 1.2999999999999998e-26 0.00013700000000000002 4.83E-08 2.54E-05 4.5E-38 4.5E-38
0.00070795 284.05 4.5E-38 0.836 1.07E-36 4.5E-38 4.5E-38 4.5E-38 4.5E-38 8.050000000000001e-25 0.162 0.000819 0.000465 3.4499999999999996e-27 0.00013700000000000002 1.8300000000000002e-08 2.54E-05 4.5E-38 4.5E-38
0.001 281.23 4.5E-38 0.836 3.5700000000000007e-37 4.5E-38 4.5E-38 4.5E-38 4.5E-38 2E-25 0.162 0.000819 0.000465 7.219999999999999e-28 0.00013700000000000002 6.25E-09 2.54E-05 4.5E-38 4.5E-38
0.0014125 277.97 4.5E-38 0.836 1.1E-37 4.5E-38 4.5E-38 4.5E-38 4.5E-38 4.3799999999999997e-26 0.162 0.000819 0.000465 1.28E-28 0.00013700000000000002 1.98E-09 2.54E-05 4.5E-38 4.5E-38
0.0019952999999999998 274.86 4.5E-38 0.836 4.5E-38 4.5E-38 4.5E-38 4.5E-38 4.5E-38 9.75E-27 0.162 0.000819 0.000465 2.3400000000000002e-29 0.00013700000000000002 6.370000000000001e-10 2.54E-05 4.5E-38 4.5E-38
0.0028184 272.47 4.5E-38 0.836 4.5E-38 4.5E-38 4.5E-38 4.5E-38 4.5E-38 2.59E-27 0.162 0.000819 0.000465 5.3E-30 0.00013700000000000002 2.25E-10 2.54E-05 4.5E-38 4.5E-38
0.0039811 271.23 4.5E-38 0.836 4.5E-38 4.5E-38 4.5E-38 4.5E-38 4.5E-38 9.300000000000002e-28 0.162 0.000819 0.000465 1.76E-30 0.00013700000000000002 9.4E-11 2.54E-05 4.5E-38 4.5E-38
0.0056234 271.06 4.5E-38 0.836 4.5E-38 4.5E-38 4.5E-38 4.5E-38 4.5E-38 4.45E-28 0.162 0.000819 0.000465 8.309999999999999e-31 0.00013700000000000002 4.5999999999999996e-11 2.54E-05 4.5E-38 4.5E-38
0.0079433 271.65 4.5E-38 0.836 4.5E-38 4.5E-38 4.5E-38 4.5E-38 4.5E-38 2.6200000000000003e-28 0.162 0.000819 0.000465 5.079999999999999e-31 0.00013700000000000002 2.51E-11 2.54E-05 4.5E-38 4.5E-38
0.01122 273.49 4.5E-38 0.836 4.5E-38 4.5E-38 4.5E-38 4.5E-38 4.5E-38 2.15E-28 0.162 0.000819 0.000465 4.71E-31 0.00013700000000000002 1.65E-11 2.54E-05 4.5E-38 4.5E-38
0.015849000000000002 276.9 4.5E-38 0.836 5.04E-38 4.5E-38 4.5E-38 4.5E-38 4.5E-38 2.63E-28 0.162 0.000819 0.000465 7.22E-31 0.00013700000000000002 1.35E-11 2.54E-05 4.5E-38 4.5E-38
0.022387 281.59 4.5E-38 0.836 8.699999999999999e-38 4.5E-38 4.5E-38 4.5E-38 4.5E-38 4.37E-28 0.162 0.000819 0.000465 1.61E-30 0.00013700000000000002 1.31E-11 2.54E-05 4.5E-38 4.5E-38
0.031623000000000005 287.58 4.5E-38 0.836 5.04E-37 4.5E-38 4.5E-38 4.5E-38 4.5E-38 9.550000000000001e-28 0.162 0.000819 0.000465 5.0699999999999996e-30 0.00013700000000000002 1.48E-11 2.54E-05 4.5E-38 4.5E-38
0.044668 295.2 4.5E-38 0.836 4.379999999999999e-36 4.5E-38 4.5E-38 4.5E-38 4.5E-38 2.8500000000000002e-27 0.162 0.000819 0.000465 2.3500000000000002e-29 0.00013700000000000002 1.99E-11 2.54E-05 4.5E-38 4.5E-38
0.063096 304.81 4.5E-38 0.836 6.069999999999999e-35 4.5E-38 4.5E-38 4.5E-38 4.5E-38 1.2E-26 0.162 0.000819 0.000465 1.67E-28 0.00013700000000000002 3.25E-11 2.54E-05 4.5E-38 4.5E-38
0.089125 317.17 4.5E-38 0.836 1.4599999999999998e-33 4.5E-38 4.5E-38 4.5E-38 4.5E-38 7.639999999999999e-26 0.162 0.000819 0.000465 2.01E-27 0.00013700000000000002 6.75E-11 2.54E-05 4.5E-38 4.5E-38
0.12589 334.15 4.5E-38 0.836 8.22E-32 4.5E-38 4.5E-38 4.5E-38 4.5E-38 9.270000000000001e-25 0.162 0.000819 0.000465 5.37E-26 0.00013700000000000002 2.03E-10 2.54E-05 4.5E-38 4.5E-38
0.17783 358.03 4.5E-38 0.836 1.31E-29 4.5E-38 4.5E-38 4.5E-38 4.5E-38 2.4699999999999997e-23 0.162 0.000819 0.000465 3.83E-24 0.00013700000000000002 9.74E-10 2.54E-05 4.5E-38 4.5E-38
0.25119 391.63 4.5E-38 0.836 5.970000000000001e-27 4.5E-38 4.5E-38 4.5E-38 4.5E-38 1.4099999999999999e-21 0.162 0.000819 0.000465 7.16E-22 0.00013700000000000002 7.57E-09 2.54E-05 1.45E-30 4.5E-38
0.35481 435.94 4.5E-38 0.836 4.64E-24 4.5E-38 4.5E-38 4.5E-38 4.5E-38 1.39E-19 0.162 0.000819 0.000465 2.51E-19 0.00013700000000000002 7.730000000000001e-08 2.54E-05 3.53E-24 1.3599999999999999e-34
0.5011899999999999 485.21 7.189999999999999e-38 0.836 1.8E-21 4.5E-38 4.5E-38 4.5E-38 4.5E-38 8.77E-18 0.162 0.000819 0.000465 4.88E-17 0.000135 5.91E-07 2.54E-05 5.91E-21 1.44E-29
0.70795 534.68 1.25E-34 0.836 2.32E-19 4.5E-38 4.5E-38 4.5E-38 4.5E-38 2.4500000000000004e-16 0.162 0.000819 0.000465 3.39E-15 0.000122 2.42E-06 2.54E-05 2.3599999999999998e-18 1.9899999999999999e-25
1 589.63 1.3799999999999999e-30 0.836 1.95E-17 4.5E-38 7.159999999999999e-38 4.5E-38 4.5E-38 5.01E-15 0.162 0.000819 0.000465 1.58E-13 0.000113 8.73E-06 2.54E-05 5.4E-16 1.34E-21
1.4125 653.45 5.879999999999999e-27 0.836 1.31E-15 4.5E-38 4.9099999999999995e-37 6.899999999999999e-38 4.5E-38 8.92E-14 0.162 0.000819 0.000465 6.07E-12 8.690000000000001e-05 2.0300000000000002e-05 2.54E-05 9.07E-14 8.34E-18
1.9953 724.05 1.48E-23 0.836 5.76E-14 4.5E-38 1.61E-32 1.23E-34 4.5E-38 1.17E-12 0.162 0.000819 0.000465 1.5699999999999997e-10 6.17E-05 3.3799999999999995e-05 2.54E-05 8.65E-12 2.79E-14
2.8184 802 3.8299999999999996e-20 0.836 1.7200000000000001e-12 4.5E-38 4.19E-28 1.9999999999999998e-30 2.38E-34 1.1499999999999999e-11 0.162 0.000819 0.000465 2.8199999999999998e-09 4.31E-05 4.6399999999999996e-05 2.54E-05 4.94E-10 3.9299999999999996e-11
3.9811 883.3 1.1E-17 0.836 3.06E-11 4.5E-38 8.73E-25 7.65E-27 2.84E-30 7.570000000000001e-11 0.162 0.000819 0.000465 3.07E-08 2.9999999999999997e-05 5.01E-05 2.54E-05 1.46E-08 2.7699999999999997e-09
5.6234 919.1 6.13E-17 0.836 8.35E-11 4.5E-38 1.1499999999999999e-23 1.46E-25 8.390000000000001e-29 1.03E-10 0.162 0.000819 0.000465 5.04E-08 3.15E-05 4.93E-05 2.55E-05 4.3E-08 8.72E-09
7.9433 947.73 1.72E-16 0.836 1.6899999999999999e-10 4.5E-38 6.389999999999999e-23 1.2E-24 9.550000000000001e-28 1.09E-10 0.162 0.000819 0.000465 6.13E-08 3.54E-05 4.8100000000000004e-05 2.55E-05 8.800000000000001e-08 1.51E-08
10 967.72 3.5E-16 0.836 2.7E-10 4.5E-38 2.05E-22 4.8399999999999995e-24 4.7799999999999995e-27 1.13E-10 0.162 0.000819 0.000465 6.97E-08 3.86E-05 4.8100000000000004e-05 2.55E-05 1.41E-07 2.28E-08
15.849 1005.06 1.13E-15 0.836 5.97E-10 4.5E-38 1.52E-21 5.34E-23 7.71E-26 1.08E-10 0.162 0.000819 0.000465 7.83E-08 4.47E-05 4.270000000000001e-05 2.56E-05 3E-07 4.3300000000000004e-08
22.386999999999997 1035.62 2.41E-15 0.836 1.1E-09 4.5E-38 6.0299999999999995e-21 3.35E-22 6.459999999999999e-25 1.06E-10 0.162 0.000819 0.000465 8.689999999999999e-08 5.03E-05 4E-05 2.6000000000000002e-05 5.13E-07 5.5E-08
31.623 1073.6 6.559999999999999e-15 0.836 2.31E-09 4.5E-38 3.3E-20 3E-21 8.1E-24 1.1599999999999999e-10 0.162 0.000819 0.000465 1.1E-07 5.5700000000000005e-05 3.8799999999999994e-05 2.6300000000000002e-05 1.17E-06 8.39E-08
44.668 1123.74 2.1E-14 0.836 5.93E-09 4.5E-38 2.38E-19 4.62E-20 1.88E-22 1.52E-10 0.162 0.000819 0.000465 1.7E-07 5.67E-05 3.5E-05 2.6600000000000003e-05 2.02E-06 1.1599999999999999e-07
63.096000000000004 1186.94 7.42E-14 0.836 1.78E-08 4.5E-38 2.0500000000000003e-18 1.09E-18 7.07E-21 2.2800000000000001e-10 0.162 0.000819 0.000465 3.08E-07 5.8099999999999996e-05 3.48E-05 2.71E-05 3E-06 1.3900000000000001e-07
89.125 1263.98 2.81E-13 0.836 5.9500000000000003e-08 4.5E-38 2E-17 3.41E-17 3.65E-19 3.76E-10 0.162 0.0008179999999999999 0.00046399999999999995 6.23E-07 5.9699999999999994e-05 3.68E-05 2.7300000000000003e-05 3.41E-06 1.53E-07
125.89 1353.74 1.07E-12 0.836 2.0600000000000002e-07 4.5E-38 1.98E-16 1.14E-15 2.04E-17 6.39E-10 0.162 0.000817 0.000463 1.29E-06 5.8399999999999997e-05 3.5799999999999996e-05 2.7300000000000003e-05 3.42E-06 1.6300000000000002e-07
177.83 1457.87 4.14E-12 0.836 7.179999999999999e-07 4.5E-38 1.9800000000000002e-15 3.87E-14 1.15E-15 1.09E-09 0.162 0.000814 0.00045999999999999996 2.69E-06 5.7499999999999995e-05 3.5499999999999996e-05 2.7300000000000003e-05 3.44E-06 1.75E-07
251.19 1578.38 1.6E-11 0.836 2.49E-06 4.5E-38 1.94E-14 1.2500000000000001e-12 5.84E-14 1.82E-09 0.162 0.00081 0.00045599999999999997 5.49E-06 5.8399999999999997e-05 3.74E-05 2.72E-05 3.48E-06 1.91E-07
354.81 1718.44 6.100000000000001e-11 0.836 8.5E-06 2.1099999999999996e-36 1.84E-13 3.75E-11 2.3500000000000003e-12 3.19E-09 0.162 0.000819 0.00046399999999999995 1.1400000000000001e-05 6.04E-05 4.03E-05 2.72E-05 3.51E-06 2.0600000000000002e-07
501.19 1883.11 2.25E-10 0.836 2.8499999999999998e-05 5.24E-33 1.64E-12 1.0800000000000002e-09 8.25E-11 6.759999999999999e-09 0.162 0.000868 0.00053 2.7000000000000002e-05 6.31E-05 4.36E-05 2.6899999999999997e-05 3.51E-06 2.1399999999999998e-07
707.95 2059.89 7.059999999999999e-10 0.836 8.329999999999999e-05 5.75E-30 1.13E-11 6.65E-09 1.8E-09 1.53E-08 0.162 0.0009390000000000001 0.0007099999999999999 6.54E-05 6.759999999999999e-05 4.6200000000000005e-05 2.62E-05 3.48E-06 2.15E-07
1000 2249.16 1.93E-09 0.836 0.00021400000000000002 3.0099999999999997e-27 6.32E-11 4.93E-09 5.0499999999999996e-08 2.84E-08 0.162 0.0009460000000000001 0.001 0.000136 7.45E-05 4.8200000000000006e-05 2.56E-05 3.43E-06 2.1300000000000001e-07