
  iDUM  pressure  temperature   elec      H2        H    xDUM2   Hmin        VO        TiO      CO2      He         H2O        CH4      CO        NH3       N2       XDUM3       H2S       xDUM4      Na       K       xDUM1     xDum6     XDUm4    xdum5
  1  0.10000E-05  284.11 0.450E-37 0.836E+00 0.289E-34 0.450E-37 0.450E-37 0.450E-37 0.450E-37 0.383E-18 0.162E+00 0.792E-03 0.465E-03 0.170E-20 0.113E-04 0.627E-04 0.102E-36 0.254E-04 0.450E-37 0.450E-37 0.450E-37 0.450E-37 0.450E-37 0.450E-37 0.450E-37
  2  0.14100E-05  282.96 0.450E-37 0.836E+00 0.167E-34 0.450E-37 0.450E-37 0.450E-37 0.450E-37 0.147E-18 0.162E+00 0.799E-03 0.465E-03 0.606E-21 0.166E-04 0.586E-04 0.878E-37 0.254E-04 0.450E-37 0.450E-37 0.450E-37 0.450E-37 0.450E-37 0.450E-37 0.450E-37
  3  0.20000E-05  280.91 0.450E-37 0.836E+00 0.717E-35 0.450E-37 0.450E-37 0.450E-37 0.450E-37 0.449E-19 0.162E+00 0.807E-03 0.465E-03 0.161E-21 0.260E-04 0.537E-04 0.568E-37 0.254E-04 0.450E-37 0.450E-37 0.450E-37 0.450E-37 0.450E-37 0.450E-37 0.450E-37
  4  0.28200E-05  278.31 0.450E-37 0.836E+00 0.252E-35 0.450E-37 0.450E-37 0.450E-37 0.450E-37 0.118E-19 0.162E+00 0.815E-03 0.465E-03 0.357E-22 0.413E-04 0.472E-04 0.450E-37 0.254E-04 0.450E-37 0.450E-37 0.450E-37 0.450E-37 0.450E-37 0.450E-37 0.450E-37
  5  0.39800E-05  275.76 0.450E-37 0.836E+00 0.889E-36 0.450E-37 0.450E-37 0.450E-37 0.450E-37 0.309E-20 0.162E+00 0.817E-03 0.465E-03 0.788E-23 0.597E-04 0.345E-04 0.462E-37 0.254E-04 0.450E-37 0.450E-37 0.450E-37 0.450E-37 0.450E-37 0.450E-37 0.450E-37
  6  0.56200E-05  274.24 0.450E-37 0.836E+00 0.441E-36 0.450E-37 0.450E-37 0.450E-37 0.450E-37 0.104E-20 0.162E+00 0.818E-03 0.465E-03 0.240E-23 0.780E-04 0.237E-04 0.450E-37 0.254E-04 0.450E-37 0.450E-37 0.450E-37 0.450E-37 0.450E-37 0.450E-37 0.450E-37
  7  0.79400E-05  273.55 0.450E-37 0.836E+00 0.292E-36 0.450E-37 0.450E-37 0.450E-37 0.450E-37 0.435E-21 0.162E+00 0.819E-03 0.465E-03 0.958E-24 0.967E-04 0.165E-04 0.450E-37 0.254E-04 0.450E-37 0.450E-37 0.450E-37 0.450E-37 0.450E-37 0.450E-37 0.450E-37
  8  0.11220E-04  273.80 0.450E-37 0.836E+00 0.268E-36 0.450E-37 0.450E-37 0.450E-37 0.450E-37 0.233E-21 0.162E+00 0.819E-03 0.465E-03 0.521E-24 0.111E-03 0.114E-04 0.451E-37 0.254E-04 0.450E-37 0.450E-37 0.450E-37 0.450E-37 0.450E-37 0.450E-37 0.450E-37
  9  0.15850E-04  275.27 0.450E-37 0.836E+00 0.376E-36 0.450E-37 0.450E-37 0.450E-37 0.450E-37 0.172E-21 0.162E+00 0.819E-03 0.465E-03 0.424E-24 0.116E-03 0.760E-05 0.483E-37 0.254E-04 0.450E-37 0.450E-37 0.450E-37 0.450E-37 0.450E-37 0.450E-37 0.450E-37
 10  0.22390E-04  277.58 0.450E-37 0.836E+00 0.700E-36 0.450E-37 0.450E-37 0.450E-37 0.450E-37 0.157E-21 0.162E+00 0.819E-03 0.465E-03 0.451E-24 0.120E-03 0.573E-05 0.914E-37 0.254E-04 0.450E-37 0.450E-37 0.450E-37 0.450E-37 0.450E-37 0.450E-37 0.450E-37
 11  0.31620E-04  280.27 0.450E-37 0.836E+00 0.145E-35 0.450E-37 0.450E-37 0.450E-37 0.450E-37 0.157E-21 0.162E+00 0.819E-03 0.465E-03 0.533E-24 0.127E-03 0.468E-05 0.242E-36 0.254E-04 0.450E-37 0.450E-37 0.450E-37 0.450E-37 0.450E-37 0.450E-37 0.450E-37
 12  0.44670E-04  282.92 0.450E-37 0.836E+00 0.294E-35 0.450E-37 0.450E-37 0.450E-37 0.450E-37 0.153E-21 0.162E+00 0.819E-03 0.465E-03 0.612E-24 0.126E-03 0.332E-05 0.692E-36 0.254E-04 0.450E-37 0.450E-37 0.450E-37 0.450E-37 0.450E-37 0.450E-37 0.450E-37
 13  0.63100E-04  285.15 0.450E-37 0.836E+00 0.511E-35 0.450E-37 0.450E-37 0.450E-37 0.450E-37 0.133E-21 0.162E+00 0.819E-03 0.465E-03 0.610E-24 0.128E-03 0.233E-05 0.173E-35 0.254E-04 0.450E-37 0.450E-37 0.450E-37 0.450E-37 0.450E-37 0.450E-37 0.450E-37
 14  0.89120E-04  286.81 0.450E-37 0.836E+00 0.731E-35 0.450E-37 0.450E-37 0.450E-37 0.450E-37 0.997E-22 0.162E+00 0.819E-03 0.465E-03 0.505E-24 0.132E-03 0.156E-05 0.362E-35 0.254E-04 0.450E-37 0.450E-37 0.450E-37 0.450E-37 0.450E-37 0.450E-37 0.450E-37
 15  0.12589E-03  287.87 0.450E-37 0.836E+00 0.861E-35 0.450E-37 0.450E-37 0.450E-37 0.450E-37 0.645E-22 0.162E+00 0.819E-03 0.465E-03 0.348E-24 0.135E-03 0.932E-06 0.638E-35 0.254E-04 0.450E-37 0.450E-37 0.450E-37 0.450E-37 0.450E-37 0.450E-37 0.450E-37
 16  0.17783E-03  288.35 0.450E-37 0.836E+00 0.842E-35 0.450E-37 0.450E-37 0.450E-37 0.450E-37 0.363E-22 0.162E+00 0.819E-03 0.465E-03 0.201E-24 0.135E-03 0.504E-06 0.951E-35 0.254E-04 0.450E-37 0.450E-37 0.450E-37 0.450E-37 0.450E-37 0.450E-37 0.450E-37
 17  0.25119E-03  288.32 0.450E-37 0.836E+00 0.704E-35 0.450E-37 0.450E-37 0.450E-37 0.450E-37 0.181E-22 0.162E+00 0.819E-03 0.465E-03 0.100E-24 0.136E-03 0.255E-06 0.123E-34 0.254E-04 0.450E-37 0.450E-37 0.450E-37 0.450E-37 0.450E-37 0.450E-37 0.450E-37
 18  0.35481E-03  287.57 0.450E-37 0.836E+00 0.466E-35 0.450E-37 0.450E-37 0.450E-37 0.450E-37 0.756E-23 0.162E+00 0.819E-03 0.465E-03 0.401E-25 0.137E-03 0.117E-06 0.129E-34 0.254E-04 0.450E-37 0.450E-37 0.450E-37 0.450E-37 0.450E-37 0.450E-37 0.450E-37
 19  0.50119E-03  286.12 0.450E-37 0.836E+00 0.247E-35 0.450E-37 0.450E-37 0.450E-37 0.450E-37 0.267E-23 0.162E+00 0.819E-03 0.465E-03 0.130E-25 0.137E-03 0.483E-07 0.111E-34 0.254E-04 0.450E-37 0.450E-37 0.450E-37 0.450E-37 0.450E-37 0.450E-37 0.450E-37
 20  0.70795E-03  284.05 0.450E-37 0.836E+00 0.107E-35 0.450E-37 0.450E-37 0.450E-37 0.450E-37 0.805E-24 0.162E+00 0.819E-03 0.465E-03 0.345E-26 0.137E-03 0.183E-07 0.791E-35 0.254E-04 0.450E-37 0.450E-37 0.450E-37 0.450E-37 0.450E-37 0.450E-37 0.450E-37
 21  0.10000E-02  281.23 0.450E-37 0.836E+00 0.357E-36 0.450E-37 0.450E-37 0.450E-37 0.450E-37 0.200E-24 0.162E+00 0.819E-03 0.465E-03 0.722E-27 0.137E-03 0.625E-08 0.449E-35 0.254E-04 0.450E-37 0.450E-37 0.450E-37 0.450E-37 0.450E-37 0.450E-37 0.450E-37
 22  0.14125E-02  277.97 0.450E-37 0.836E+00 0.110E-36 0.450E-37 0.450E-37 0.450E-37 0.450E-37 0.438E-25 0.162E+00 0.819E-03 0.465E-03 0.128E-27 0.137E-03 0.198E-08 0.218E-35 0.254E-04 0.450E-37 0.450E-37 0.450E-37 0.450E-37 0.450E-37 0.450E-37 0.450E-37
 23  0.19953E-02  274.86 0.450E-37 0.836E+00 0.450E-37 0.450E-37 0.450E-37 0.450E-37 0.450E-37 0.975E-26 0.162E+00 0.819E-03 0.465E-03 0.234E-28 0.137E-03 0.637E-09 0.108E-35 0.254E-04 0.450E-37 0.450E-37 0.450E-37 0.450E-37 0.450E-37 0.450E-37 0.450E-37
 24  0.28184E-02  272.47 0.450E-37 0.836E+00 0.450E-37 0.450E-37 0.450E-37 0.450E-37 0.450E-37 0.259E-26 0.162E+00 0.819E-03 0.465E-03 0.530E-29 0.137E-03 0.225E-09 0.658E-36 0.254E-04 0.450E-37 0.450E-37 0.450E-37 0.450E-37 0.450E-37 0.450E-37 0.450E-37
 25  0.39811E-02  271.23 0.450E-37 0.836E+00 0.450E-37 0.450E-37 0.450E-37 0.450E-37 0.450E-37 0.930E-27 0.162E+00 0.819E-03 0.465E-03 0.176E-29 0.137E-03 0.940E-10 0.575E-36 0.254E-04 0.450E-37 0.450E-37 0.450E-37 0.450E-37 0.450E-37 0.450E-37 0.450E-37
 26  0.56234E-02  271.06 0.450E-37 0.836E+00 0.450E-37 0.450E-37 0.450E-37 0.450E-37 0.450E-37 0.445E-27 0.162E+00 0.819E-03 0.465E-03 0.831E-30 0.137E-03 0.460E-10 0.707E-36 0.254E-04 0.450E-37 0.450E-37 0.450E-37 0.450E-37 0.450E-37 0.450E-37 0.450E-37
 27  0.79433E-02  271.65 0.450E-37 0.836E+00 0.450E-37 0.450E-37 0.450E-37 0.450E-37 0.450E-37 0.262E-27 0.162E+00 0.819E-03 0.465E-03 0.508E-30 0.137E-03 0.251E-10 0.111E-35 0.254E-04 0.450E-37 0.450E-37 0.450E-37 0.450E-37 0.450E-37 0.450E-37 0.450E-37
 28  0.11220E-01  273.49 0.450E-37 0.836E+00 0.450E-37 0.450E-37 0.450E-37 0.450E-37 0.450E-37 0.215E-27 0.162E+00 0.819E-03 0.465E-03 0.471E-30 0.137E-03 0.165E-10 0.258E-35 0.254E-04 0.450E-37 0.450E-37 0.450E-37 0.450E-37 0.450E-37 0.450E-37 0.450E-37
 29  0.15849E-01  276.90 0.450E-37 0.836E+00 0.504E-37 0.450E-37 0.450E-37 0.450E-37 0.450E-37 0.263E-27 0.162E+00 0.819E-03 0.465E-03 0.722E-30 0.137E-03 0.135E-10 0.972E-35 0.254E-04 0.450E-37 0.450E-37 0.450E-37 0.450E-37 0.450E-37 0.450E-37 0.450E-37
 30  0.22387E-01  281.59 0.450E-37 0.836E+00 0.870E-37 0.450E-37 0.450E-37 0.450E-37 0.450E-37 0.437E-27 0.162E+00 0.819E-03 0.465E-03 0.161E-29 0.137E-03 0.131E-10 0.523E-34 0.254E-04 0.450E-37 0.450E-37 0.450E-37 0.450E-37 0.450E-37 0.450E-37 0.450E-37
 31  0.31623E-01  287.58 0.450E-37 0.836E+00 0.504E-36 0.450E-37 0.450E-37 0.450E-37 0.450E-37 0.955E-27 0.162E+00 0.819E-03 0.465E-03 0.507E-29 0.137E-03 0.148E-10 0.390E-33 0.254E-04 0.450E-37 0.450E-37 0.450E-37 0.450E-37 0.450E-37 0.450E-37 0.450E-37
 32  0.44668E-01  295.20 0.450E-37 0.836E+00 0.438E-35 0.450E-37 0.450E-37 0.450E-37 0.450E-37 0.285E-26 0.162E+00 0.819E-03 0.465E-03 0.235E-28 0.137E-03 0.199E-10 0.473E-32 0.254E-04 0.450E-37 0.450E-37 0.450E-37 0.450E-37 0.450E-37 0.450E-37 0.450E-37
 33  0.63096E-01  304.81 0.450E-37 0.836E+00 0.607E-34 0.450E-37 0.450E-37 0.450E-37 0.450E-37 0.120E-25 0.162E+00 0.819E-03 0.465E-03 0.167E-27 0.137E-03 0.325E-10 0.848E-31 0.254E-04 0.450E-37 0.450E-37 0.450E-37 0.450E-37 0.450E-37 0.450E-37 0.450E-37
 34  0.89125E-01  317.17 0.450E-37 0.836E+00 0.146E-32 0.450E-37 0.450E-37 0.450E-37 0.450E-37 0.764E-25 0.162E+00 0.819E-03 0.465E-03 0.201E-26 0.137E-03 0.675E-10 0.223E-29 0.254E-04 0.450E-37 0.450E-37 0.450E-37 0.450E-37 0.450E-37 0.450E-37 0.450E-37
 35  0.12589E+00  334.15 0.450E-37 0.836E+00 0.822E-31 0.450E-37 0.450E-37 0.450E-37 0.450E-37 0.927E-24 0.162E+00 0.819E-03 0.465E-03 0.537E-25 0.137E-03 0.203E-09 0.125E-27 0.254E-04 0.450E-37 0.450E-37 0.450E-37 0.450E-37 0.450E-37 0.450E-37 0.450E-37
 36  0.17783E+00  358.03 0.450E-37 0.836E+00 0.131E-28 0.450E-37 0.450E-37 0.450E-37 0.450E-37 0.247E-22 0.162E+00 0.819E-03 0.465E-03 0.383E-23 0.137E-03 0.974E-09 0.172E-25 0.254E-04 0.450E-37 0.450E-37 0.450E-37 0.450E-37 0.450E-37 0.450E-37 0.450E-37
 37  0.25119E+00  391.63 0.450E-37 0.836E+00 0.597E-26 0.450E-37 0.450E-37 0.450E-37 0.450E-37 0.141E-20 0.162E+00 0.819E-03 0.465E-03 0.716E-21 0.137E-03 0.757E-08 0.590E-23 0.254E-04 0.450E-37 0.145E-29 0.450E-37 0.554E-37 0.493E-37 0.450E-37 0.450E-37
 38  0.35481E+00  435.94 0.450E-37 0.836E+00 0.464E-23 0.450E-37 0.450E-37 0.450E-37 0.450E-37 0.139E-18 0.162E+00 0.819E-03 0.465E-03 0.251E-18 0.137E-03 0.773E-07 0.307E-20 0.254E-04 0.450E-37 0.353E-23 0.136E-33 0.127E-32 0.570E-33 0.450E-37 0.450E-37
 39  0.50119E+00  485.21 0.719E-37 0.836E+00 0.180E-20 0.450E-37 0.450E-37 0.450E-37 0.450E-37 0.877E-17 0.162E+00 0.819E-03 0.465E-03 0.488E-16 0.135E-03 0.591E-06 0.822E-18 0.254E-04 0.452E-36 0.591E-20 0.144E-28 0.103E-27 0.496E-28 0.450E-37 0.450E-37
 40  0.70795E+00  534.68 0.125E-33 0.836E+00 0.232E-18 0.450E-37 0.450E-37 0.450E-37 0.450E-37 0.245E-15 0.162E+00 0.819E-03 0.465E-03 0.339E-14 0.122E-03 0.242E-05 0.796E-16 0.254E-04 0.358E-32 0.236E-17 0.199E-24 0.114E-23 0.317E-24 0.967E-36 0.328E-35
 41  0.10000E+01  589.63 0.138E-29 0.836E+00 0.195E-16 0.450E-37 0.716E-37 0.450E-37 0.450E-37 0.501E-14 0.162E+00 0.819E-03 0.465E-03 0.158E-12 0.113E-03 0.873E-05 0.520E-14 0.254E-04 0.151E-28 0.540E-15 0.134E-20 0.581E-20 0.514E-21 0.184E-33 0.204E-32
 42  0.14125E+01  653.45 0.588E-26 0.836E+00 0.131E-14 0.450E-37 0.491E-36 0.690E-37 0.450E-37 0.892E-13 0.162E+00 0.819E-03 0.465E-03 0.607E-11 0.869E-04 0.203E-04 0.268E-12 0.254E-04 0.412E-25 0.907E-13 0.834E-17 0.206E-16 0.812E-19 0.113E-29 0.102E-28
 43  0.19953E+01  724.05 0.148E-22 0.836E+00 0.576E-13 0.450E-37 0.161E-31 0.123E-33 0.450E-37 0.117E-11 0.162E+00 0.819E-03 0.465E-03 0.157E-09 0.617E-04 0.338E-04 0.923E-11 0.254E-04 0.488E-22 0.865E-11 0.279E-13 0.254E-14 0.106E-16 0.286E-26 0.213E-25
 44  0.28184E+01  802.00 0.383E-19 0.836E+00 0.172E-11 0.450E-37 0.419E-27 0.200E-29 0.238E-33 0.115E-10 0.162E+00 0.819E-03 0.465E-03 0.282E-08 0.431E-04 0.464E-04 0.221E-09 0.254E-04 0.271E-19 0.494E-09 0.393E-10 0.172E-12 0.900E-15 0.320E-23 0.201E-22
 45  0.39811E+01  883.30 0.110E-16 0.836E+00 0.306E-10 0.450E-37 0.873E-24 0.765E-26 0.284E-29 0.757E-10 0.162E+00 0.819E-03 0.465E-03 0.307E-07 0.300E-04 0.501E-04 0.335E-08 0.254E-04 0.561E-17 0.146E-07 0.277E-08 0.543E-11 0.353E-13 0.124E-20 0.674E-20
 46  0.56234E+01  919.10 0.613E-16 0.836E+00 0.835E-10 0.450E-37 0.115E-22 0.146E-24 0.839E-28 0.103E-09 0.162E+00 0.819E-03 0.465E-03 0.504E-07 0.315E-04 0.493E-04 0.110E-07 0.255E-04 0.350E-16 0.430E-07 0.872E-08 0.141E-10 0.105E-12 0.110E-19 0.565E-19
 47  0.79433E+01  947.73 0.172E-15 0.836E+00 0.169E-09 0.450E-37 0.639E-22 0.120E-23 0.955E-27 0.109E-09 0.162E+00 0.819E-03 0.465E-03 0.613E-07 0.354E-04 0.481E-04 0.282E-07 0.255E-04 0.125E-15 0.880E-07 0.151E-07 0.249E-10 0.205E-12 0.533E-19 0.263E-18
 48  0.10000E+02  967.72 0.350E-15 0.836E+00 0.270E-09 0.450E-37 0.205E-21 0.484E-23 0.478E-26 0.113E-09 0.162E+00 0.819E-03 0.465E-03 0.697E-07 0.386E-04 0.481E-04 0.524E-07 0.255E-04 0.290E-15 0.141E-06 0.228E-07 0.378E-10 0.328E-12 0.152E-18 0.729E-18
 49  0.15849E+02 1005.06 0.113E-14 0.836E+00 0.597E-09 0.450E-37 0.152E-20 0.534E-22 0.771E-25 0.108E-09 0.162E+00 0.819E-03 0.465E-03 0.783E-07 0.447E-04 0.427E-04 0.153E-06 0.256E-04 0.121E-14 0.300E-06 0.433E-07 0.729E-10 0.701E-12 0.930E-18 0.400E-17
 50  0.22387E+02 1035.62 0.241E-14 0.836E+00 0.110E-08 0.450E-37 0.603E-20 0.335E-21 0.646E-24 0.106E-09 0.162E+00 0.819E-03 0.465E-03 0.869E-07 0.503E-04 0.400E-04 0.267E-06 0.260E-04 0.360E-14 0.513E-06 0.550E-07 0.947E-10 0.107E-11 0.370E-17 0.106E-16
 51  0.31623E+02 1073.60 0.656E-14 0.836E+00 0.231E-08 0.450E-37 0.330E-19 0.300E-20 0.810E-23 0.116E-09 0.162E+00 0.819E-03 0.465E-03 0.110E-06 0.557E-04 0.388E-04 0.427E-06 0.263E-04 0.135E-13 0.117E-05 0.839E-07 0.149E-09 0.205E-11 0.190E-16 0.335E-16
 52  0.44668E+02 1123.74 0.210E-13 0.836E+00 0.593E-08 0.450E-37 0.238E-18 0.462E-19 0.188E-21 0.152E-09 0.162E+00 0.819E-03 0.465E-03 0.170E-06 0.567E-04 0.350E-04 0.526E-06 0.266E-04 0.722E-13 0.202E-05 0.116E-06 0.211E-09 0.338E-11 0.143E-15 0.206E-15
 53  0.63096E+02 1186.94 0.742E-13 0.836E+00 0.178E-07 0.450E-37 0.205E-17 0.109E-17 0.707E-20 0.228E-09 0.162E+00 0.819E-03 0.465E-03 0.308E-06 0.581E-04 0.348E-04 0.524E-06 0.271E-04 0.508E-12 0.300E-05 0.139E-06 0.255E-09 0.493E-11 0.146E-14 0.271E-14
 54  0.89125E+02 1263.98 0.281E-12 0.836E+00 0.595E-07 0.450E-37 0.200E-16 0.341E-16 0.365E-18 0.376E-09 0.162E+00 0.818E-03 0.464E-03 0.623E-06 0.597E-04 0.368E-04 0.516E-06 0.273E-04 0.429E-11 0.341E-05 0.153E-06 0.283E-09 0.630E-11 0.182E-13 0.413E-13
 55  0.12589E+03 1353.74 0.107E-11 0.836E+00 0.206E-06 0.450E-37 0.198E-15 0.114E-14 0.204E-16 0.639E-09 0.162E+00 0.817E-03 0.463E-03 0.129E-05 0.584E-04 0.358E-04 0.505E-06 0.273E-04 0.379E-10 0.342E-05 0.163E-06 0.302E-09 0.761E-11 0.240E-12 0.626E-12
 56  0.17783E+03 1457.87 0.414E-11 0.836E+00 0.718E-06 0.450E-37 0.198E-14 0.387E-13 0.115E-14 0.109E-08 0.162E+00 0.814E-03 0.460E-03 0.269E-05 0.575E-04 0.355E-04 0.486E-06 0.273E-04 0.337E-09 0.344E-05 0.175E-06 0.327E-09 0.953E-11 0.319E-11 0.902E-11
 57  0.25119E+03 1578.38 0.160E-10 0.836E+00 0.249E-05 0.450E-37 0.194E-13 0.125E-11 0.584E-13 0.182E-08 0.162E+00 0.810E-03 0.456E-03 0.549E-05 0.584E-04 0.374E-04 0.461E-06 0.272E-04 0.292E-08 0.348E-05 0.191E-06 0.359E-09 0.124E-10 0.414E-10 0.120E-09
 58  0.35481E+03 1718.44 0.610E-10 0.836E+00 0.850E-05 0.211E-35 0.184E-12 0.375E-10 0.235E-11 0.319E-08 0.162E+00 0.819E-03 0.464E-03 0.114E-04 0.604E-04 0.403E-04 0.430E-06 0.272E-04 0.240E-07 0.351E-05 0.206E-06 0.391E-09 0.158E-10 0.513E-09 0.146E-08
 59  0.50119E+03 1883.11 0.225E-09 0.836E+00 0.285E-04 0.524E-32 0.164E-11 0.108E-08 0.825E-10 0.676E-08 0.162E+00 0.868E-03 0.530E-03 0.270E-04 0.631E-04 0.436E-04 0.392E-06 0.269E-04 0.180E-06 0.351E-05 0.214E-06 0.410E-09 0.186E-10 0.580E-08 0.189E-07
 60  0.70795E+03 2059.89 0.706E-09 0.836E+00 0.833E-04 0.575E-29 0.113E-10 0.665E-08 0.180E-08 0.153E-07 0.162E+00 0.939E-03 0.710E-03 0.654E-04 0.676E-04 0.462E-04 0.355E-06 0.262E-04 0.990E-06 0.348E-05 0.215E-06 0.412E-09 0.195E-10 0.472E-07 0.352E-07
 61  0.10000E+04 2249.16 0.193E-08 0.836E+00 0.214E-03 0.301E-26 0.632E-10 0.493E-08 0.505E-07 0.284E-07 0.162E+00 0.946E-03 0.100E-02 0.136E-03 0.745E-04 0.482E-04 0.325E-06 0.256E-04 0.508E-05 0.343E-05 0.213E-06 0.407E-09 0.196E-10 0.352E-06 0.501E-07
