3.000000e-01 2.140029e+06
3.046563e-01 2.269527e+06
3.093849e-01 2.401879e+06
3.141870e-01 2.536768e+06
3.190635e-01 2.673857e+06
3.240157e-01 2.812787e+06
3.290448e-01 2.953180e+06
3.341519e-01 3.094643e+06
3.393384e-01 3.236769e+06
3.446053e-01 3.379139e+06
3.499539e-01 3.521326e+06
3.553856e-01 3.662896e+06
3.609016e-01 3.803411e+06
3.665032e-01 3.942434e+06
3.721917e-01 4.079528e+06
3.779686e-01 4.214261e+06
3.838351e-01 4.346208e+06
3.897926e-01 4.474953e+06
3.958427e-01 4.600095e+06
4.019866e-01 4.721242e+06
4.082259e-01 4.838025e+06
4.145620e-01 4.950088e+06
4.209965e-01 5.057099e+06
4.275308e-01 5.158746e+06
4.341666e-01 5.254743e+06
4.409053e-01 5.344826e+06
4.477487e-01 5.428759e+06
4.546982e-01 5.506334e+06
4.617557e-01 5.577366e+06
4.689226e-01 5.641703e+06
4.762008e-01 5.699219e+06
4.835920e-01 5.749816e+06
4.910979e-01 5.793424e+06
4.987203e-01 5.830003e+06
5.064610e-01 5.859539e+06
5.143218e-01 5.882043e+06
5.223047e-01 5.897554e+06
5.304115e-01 5.906136e+06
5.386440e-01 5.907876e+06
5.470044e-01 5.902883e+06
5.554945e-01 5.891289e+06
5.641164e-01 5.873245e+06
5.728721e-01 5.848921e+06
5.817638e-01 5.818503e+06
5.907934e-01 5.782195e+06
5.999632e-01 5.740212e+06
6.092753e-01 5.692783e+06
6.187319e-01 5.640149e+06
6.283353e-01 5.582559e+06
6.380878e-01 5.520269e+06
6.479917e-01 5.453542e+06
6.580492e-01 5.382648e+06
6.682629e-01 5.307857e+06
6.786351e-01 5.229444e+06
6.891683e-01 5.147682e+06
6.998649e-01 5.062847e+06
7.107276e-01 4.975210e+06
7.217589e-01 4.885041e+06
7.329614e-01 4.792607e+06
7.443378e-01 4.698170e+06
7.558908e-01 4.601984e+06
7.676231e-01 4.504301e+06
7.795374e-01 4.405364e+06
7.916367e-01 4.305407e+06
8.039238e-01 4.204658e+06
8.164016e-01 4.103337e+06
8.290731e-01 4.001653e+06
8.419413e-01 3.899808e+06
8.550091e-01 3.797992e+06
8.682798e-01 3.696388e+06
8.817565e-01 3.595166e+06
8.954424e-01 3.494491e+06
9.093407e-01 3.394513e+06
9.234546e-01 3.295374e+06
9.377877e-01 3.197209e+06
9.523432e-01 3.100138e+06
9.671247e-01 3.004277e+06
9.821355e-01 2.909729e+06
9.973794e-01 2.816588e+06
1.012860e+00 2.724942e+06
1.028581e+00 2.634867e+06
1.044545e+00 2.546433e+06
1.060758e+00 2.459701e+06
1.077222e+00 2.374724e+06
1.093942e+00 2.291549e+06
1.110921e+00 2.210214e+06
1.128164e+00 2.130752e+06
1.145674e+00 2.053189e+06
1.163456e+00 1.977544e+06
1.181514e+00 1.903832e+06
1.199853e+00 1.832062e+06
1.218476e+00 1.762237e+06
1.237388e+00 1.694358e+06
1.256594e+00 1.628418e+06
1.276097e+00 1.564408e+06
1.295904e+00 1.502316e+06
1.316018e+00 1.442125e+06
1.336444e+00 1.383815e+06
1.357187e+00 1.327365e+06
1.378252e+00 1.272749e+06
1.399644e+00 1.219940e+06
1.421368e+00 1.168909e+06
1.443429e+00 1.119624e+06
1.465833e+00 1.072052e+06
1.488584e+00 1.026160e+06
1.511689e+00 9.819106e+05
1.535152e+00 9.392687e+05
1.558979e+00 8.981963e+05
1.583176e+00 8.586555e+05
1.607749e+00 8.206074e+05
1.632703e+00 7.840132e+05
1.658044e+00 7.488334e+05
1.683779e+00 7.150285e+05
1.709913e+00 6.825592e+05
1.736453e+00 6.513861e+05
1.763405e+00 6.214698e+05
1.790775e+00 5.927716e+05
1.818570e+00 5.652526e+05
1.846796e+00 5.388749e+05
1.875460e+00 5.136007e+05
1.904570e+00 4.893927e+05
1.934131e+00 4.662146e+05
1.964151e+00 4.440303e+05
1.994636e+00 4.228045e+05
2.025595e+00 4.025028e+05
2.057035e+00 3.830914e+05
2.088962e+00 3.645372e+05
2.121385e+00 3.468080e+05
2.154312e+00 3.298723e+05
2.187749e+00 3.136996e+05
2.221705e+00 2.982600e+05
2.256189e+00 2.835247e+05
2.291207e+00 2.694653e+05
2.326769e+00 2.560547e+05
2.362884e+00 2.432664e+05
2.399558e+00 2.310747e+05
2.436802e+00 2.194548e+05
2.474624e+00 2.083828e+05
2.513033e+00 1.978354e+05
2.552038e+00 1.877901e+05
2.591649e+00 1.782255e+05
2.631874e+00 1.691205e+05
2.672723e+00 1.604551e+05
2.714207e+00 1.522100e+05
2.756335e+00 1.443663e+05
2.799116e+00 1.369063e+05
2.842562e+00 1.298126e+05
2.886681e+00 1.230686e+05
2.931486e+00 1.166584e+05
2.976986e+00 1.105666e+05
3.023192e+00 1.047786e+05
3.070115e+00 9.928021e+04
3.117767e+00 9.405795e+04
3.166158e+00 8.909884e+04
3.215301e+00 8.439046e+04
3.265206e+00 7.992092e+04
3.315885e+00 7.567882e+04
3.367352e+00 7.165327e+04
3.419617e+00 6.783383e+04
3.472693e+00 6.421054e+04
3.526593e+00 6.077387e+04
3.581330e+00 5.751471e+04
3.636916e+00 5.442436e+04
3.693365e+00 5.149450e+04
3.750690e+00 4.871722e+04
3.808905e+00 4.608494e+04
3.868024e+00 4.359044e+04
3.928060e+00 4.122683e+04
3.989028e+00 3.898755e+04
4.050942e+00 3.686633e+04
4.113817e+00 3.485722e+04
4.177668e+00 3.295453e+04
4.242511e+00 3.115285e+04
4.308359e+00 2.944702e+04
4.375230e+00 2.783214e+04
4.443138e+00 2.630354e+04
4.512101e+00 2.485677e+04
4.582134e+00 2.348762e+04
4.653253e+00 2.219206e+04
4.725477e+00 2.096626e+04
4.798822e+00 1.980661e+04
4.873305e+00 1.870963e+04
4.948944e+00 1.767206e+04
5.025757e+00 1.669078e+04
5.103763e+00 1.576281e+04
5.182979e+00 1.488536e+04
5.263425e+00 1.405575e+04
5.345119e+00 1.327145e+04
5.428081e+00 1.253005e+04
5.512331e+00 1.182926e+04
5.597889e+00 1.116693e+04
5.684774e+00 1.054099e+04
5.773008e+00 9.949500e+03
5.862612e+00 9.390607e+03
5.953606e+00 8.862559e+03
6.046013e+00 8.363694e+03
6.139854e+00 7.892437e+03
6.235151e+00 7.447295e+03
6.331928e+00 7.026853e+03
6.430207e+00 6.629770e+03
6.530011e+00 6.254776e+03
6.631364e+00 5.900668e+03
6.734290e+00 5.566308e+03
6.838814e+00 5.250615e+03
6.944960e+00 4.952568e+03
7.052754e+00 4.671200e+03
7.162220e+00 4.405595e+03
7.273386e+00 4.154886e+03
7.386277e+00 3.918254e+03
7.500921e+00 3.694921e+03
7.617343e+00 3.484154e+03
7.735573e+00 3.285257e+03
7.855638e+00 3.097573e+03
7.977566e+00 2.920481e+03
8.101387e+00 2.753393e+03
8.227130e+00 2.595751e+03
8.354824e+00 2.447031e+03
8.484500e+00 2.306736e+03
8.616189e+00 2.174394e+03
8.749922e+00 2.049562e+03
8.885731e+00 1.931820e+03
9.023648e+00 1.820771e+03
9.163705e+00 1.716039e+03
9.305936e+00 1.617270e+03
9.450374e+00 1.524130e+03
9.597055e+00 1.436301e+03
9.746012e+00 1.353484e+03
9.897281e+00 1.275398e+03
1.005090e+01 1.201774e+03
1.020690e+01 1.132362e+03
1.036532e+01 1.066923e+03
1.052620e+01 1.005233e+03
1.068958e+01 9.470788e+02
1.085550e+01 8.922602e+02
1.102399e+01 8.405882e+02
1.119509e+01 7.918841e+02
1.136885e+01 7.459792e+02
1.154531e+01 7.027143e+02
1.172450e+01 6.619392e+02
1.190648e+01 6.235119e+02
1.209128e+01 5.872987e+02
1.227895e+01 5.531732e+02
1.246954e+01 5.210163e+02
1.266308e+01 4.907153e+02
1.285962e+01 4.621643e+02
1.305922e+01 4.352629e+02
1.326191e+01 4.099169e+02
1.346775e+01 3.860369e+02
1.367679e+01 3.635391e+02
1.388907e+01 3.423439e+02
1.410464e+01 3.223767e+02
1.432356e+01 3.035668e+02
1.454588e+01 2.858477e+02
1.477165e+01 2.691567e+02
1.500092e+01 2.534346e+02
1.523375e+01 2.386255e+02
1.547020e+01 2.246768e+02
1.571031e+01 2.115389e+02
1.595415e+01 1.991650e+02
1.620178e+01 1.875110e+02
1.645325e+01 1.765353e+02
1.670862e+01 1.661986e+02
1.696796e+01 1.564641e+02
1.723132e+01 1.472969e+02
1.749877e+01 1.386641e+02
1.777037e+01 1.305348e+02
1.804619e+01 1.228798e+02
1.832628e+01 1.156715e+02
1.861073e+01 1.088842e+02
1.889959e+01 1.024933e+02
1.919293e+01 9.647576e+01
1.949083e+01 9.081000e+01
1.979335e+01 8.547552e+01
2.010056e+01 8.045307e+01
2.041255e+01 7.572448e+01
2.072937e+01 7.127267e+01
2.105111e+01 6.708151e+01
2.137785e+01 6.313582e+01
2.170966e+01 5.942130e+01
2.204662e+01 5.592447e+01
2.238881e+01 5.263263e+01
2.273631e+01 4.953384e+01
2.308920e+01 4.661682e+01
2.344757e+01 4.387095e+01
2.381150e+01 4.128625e+01
2.418108e+01 3.885329e+01
2.455640e+01 3.656321e+01
2.493754e+01 3.440765e+01
2.532460e+01 3.237874e+01
2.571767e+01 3.046908e+01
2.611684e+01 2.867169e+01
2.652220e+01 2.697999e+01
2.693385e+01 2.538779e+01
2.735190e+01 2.388926e+01
2.777643e+01 2.247891e+01
2.820755e+01 2.115158e+01
2.864537e+01 1.990240e+01
2.908997e+01 1.872677e+01
2.954148e+01 1.762040e+01
3.000000e+01 1.657920e+01
