   1000.0000000000000     
  1  0.17780E-03  430.95 0.450E-37 0.836E+00 0.103E-21 0.450E-37 0.450E-37 0.450E-37 0.450E-37 0.319E-12 0.162E+00 0.819E-03 0.465E-03 0.507E-12 0.236E-05 0.672E-04 0.560E-23 0.254E-04 0.450E-37 0.450E-37 0.450E-37
  2  0.20760E-03  433.76 0.450E-37 0.836E+00 0.141E-21 0.450E-37 0.450E-37 0.450E-37 0.450E-37 0.319E-12 0.162E+00 0.819E-03 0.465E-03 0.546E-12 0.253E-05 0.671E-04 0.888E-23 0.254E-04 0.450E-37 0.450E-37 0.450E-37
  3  0.24250E-03  436.91 0.450E-37 0.836E+00 0.203E-21 0.450E-37 0.450E-37 0.450E-37 0.450E-37 0.330E-12 0.162E+00 0.819E-03 0.465E-03 0.611E-12 0.268E-05 0.670E-04 0.146E-22 0.254E-04 0.450E-37 0.450E-37 0.450E-37
  4  0.28310E-03  440.31 0.450E-37 0.836E+00 0.299E-21 0.450E-37 0.450E-37 0.450E-37 0.450E-37 0.349E-12 0.162E+00 0.819E-03 0.465E-03 0.703E-12 0.282E-05 0.670E-04 0.246E-22 0.254E-04 0.450E-37 0.450E-37 0.450E-37
  5  0.33060E-03  443.95 0.450E-37 0.836E+00 0.451E-21 0.450E-37 0.450E-37 0.450E-37 0.450E-37 0.375E-12 0.162E+00 0.819E-03 0.465E-03 0.829E-12 0.295E-05 0.669E-04 0.424E-22 0.254E-04 0.450E-37 0.450E-37 0.450E-37
  6  0.38600E-03  447.79 0.450E-37 0.836E+00 0.695E-21 0.450E-37 0.450E-37 0.450E-37 0.450E-37 0.411E-12 0.162E+00 0.819E-03 0.465E-03 0.996E-12 0.307E-05 0.668E-04 0.743E-22 0.254E-04 0.450E-37 0.450E-37 0.450E-37
  7  0.45070E-03  451.82 0.450E-37 0.836E+00 0.109E-20 0.450E-37 0.450E-37 0.450E-37 0.450E-37 0.455E-12 0.162E+00 0.819E-03 0.465E-03 0.122E-11 0.318E-05 0.667E-04 0.132E-21 0.254E-04 0.450E-37 0.450E-37 0.450E-37
  8  0.52630E-03  456.03 0.450E-37 0.836E+00 0.172E-20 0.450E-37 0.450E-37 0.450E-37 0.450E-37 0.510E-12 0.162E+00 0.819E-03 0.465E-03 0.150E-11 0.329E-05 0.666E-04 0.236E-21 0.254E-04 0.450E-37 0.450E-37 0.450E-37
  9  0.61450E-03  460.38 0.450E-37 0.836E+00 0.275E-20 0.450E-37 0.450E-37 0.450E-37 0.450E-37 0.576E-12 0.162E+00 0.819E-03 0.465E-03 0.188E-11 0.340E-05 0.665E-04 0.426E-21 0.254E-04 0.450E-37 0.450E-37 0.450E-37
 10  0.71750E-03  464.86 0.450E-37 0.836E+00 0.442E-20 0.450E-37 0.450E-37 0.450E-37 0.450E-37 0.652E-12 0.162E+00 0.819E-03 0.465E-03 0.235E-11 0.350E-05 0.665E-04 0.773E-21 0.254E-04 0.450E-37 0.450E-37 0.450E-37
 11  0.83780E-03  469.43 0.450E-37 0.836E+00 0.710E-20 0.450E-37 0.450E-37 0.450E-37 0.450E-37 0.739E-12 0.162E+00 0.819E-03 0.465E-03 0.295E-11 0.361E-05 0.666E-04 0.140E-20 0.254E-04 0.450E-37 0.450E-37 0.450E-37
 12  0.97830E-03  474.07 0.450E-37 0.836E+00 0.114E-19 0.450E-37 0.450E-37 0.450E-37 0.450E-37 0.836E-12 0.162E+00 0.819E-03 0.465E-03 0.369E-11 0.373E-05 0.667E-04 0.254E-20 0.254E-04 0.450E-37 0.450E-37 0.450E-37
 13  0.11423E-02  478.76 0.223E-36 0.836E+00 0.181E-19 0.450E-37 0.450E-37 0.450E-37 0.450E-37 0.944E-12 0.162E+00 0.819E-03 0.465E-03 0.460E-11 0.385E-05 0.665E-04 0.456E-20 0.254E-04 0.263E-36 0.781E-34 0.747E-35
 14  0.13338E-02  483.47 0.150E-35 0.836E+00 0.287E-19 0.450E-37 0.450E-37 0.450E-37 0.450E-37 0.106E-11 0.162E+00 0.819E-03 0.465E-03 0.569E-11 0.397E-05 0.662E-04 0.814E-20 0.254E-04 0.219E-35 0.734E-30 0.373E-32
 15  0.15574E-02  488.28 0.933E-35 0.836E+00 0.455E-19 0.450E-37 0.450E-37 0.450E-37 0.450E-37 0.119E-11 0.162E+00 0.819E-03 0.465E-03 0.705E-11 0.410E-05 0.661E-04 0.145E-19 0.254E-04 0.172E-34 0.645E-26 0.167E-29
 16  0.18185E-02  493.21 0.544E-34 0.836E+00 0.722E-19 0.450E-37 0.450E-37 0.450E-37 0.450E-37 0.134E-11 0.162E+00 0.819E-03 0.465E-03 0.875E-11 0.424E-05 0.661E-04 0.260E-19 0.254E-04 0.128E-33 0.557E-22 0.693E-27
 17  0.21233E-02  498.28 0.299E-33 0.836E+00 0.115E-18 0.450E-37 0.450E-37 0.450E-37 0.450E-37 0.151E-11 0.162E+00 0.819E-03 0.465E-03 0.109E-10 0.437E-05 0.661E-04 0.467E-19 0.254E-04 0.918E-33 0.489E-18 0.273E-24
 18  0.24793E-02  503.50 0.932E-33 0.836E+00 0.184E-18 0.450E-37 0.450E-37 0.450E-37 0.450E-37 0.172E-11 0.162E+00 0.819E-03 0.465E-03 0.137E-10 0.451E-05 0.661E-04 0.842E-19 0.254E-04 0.316E-32 0.144E-16 0.363E-23
 19  0.28950E-02  509.48 0.251E-32 0.836E+00 0.316E-18 0.450E-37 0.450E-37 0.450E-37 0.450E-37 0.206E-11 0.162E+00 0.819E-03 0.465E-03 0.183E-10 0.458E-05 0.662E-04 0.160E-18 0.254E-04 0.866E-32 0.268E-16 0.104E-22
 20  0.33803E-02  515.21 0.617E-32 0.836E+00 0.519E-18 0.450E-37 0.450E-37 0.450E-37 0.450E-37 0.239E-11 0.162E+00 0.819E-03 0.465E-03 0.236E-10 0.467E-05 0.659E-04 0.295E-18 0.254E-04 0.220E-31 0.475E-16 0.272E-22
 21  0.39471E-02  520.33 0.133E-31 0.836E+00 0.796E-18 0.450E-37 0.450E-37 0.450E-37 0.450E-37 0.262E-11 0.162E+00 0.819E-03 0.465E-03 0.284E-10 0.486E-05 0.657E-04 0.512E-18 0.254E-04 0.490E-31 0.768E-16 0.611E-22
 22  0.46088E-02  525.05 0.264E-31 0.836E+00 0.116E-17 0.450E-37 0.450E-37 0.450E-37 0.450E-37 0.277E-11 0.162E+00 0.819E-03 0.465E-03 0.325E-10 0.510E-05 0.655E-04 0.850E-18 0.254E-04 0.993E-31 0.117E-15 0.122E-21
 23  0.53815E-02  529.45 0.504E-31 0.836E+00 0.163E-17 0.450E-37 0.450E-37 0.450E-37 0.450E-37 0.284E-11 0.162E+00 0.819E-03 0.465E-03 0.360E-10 0.540E-05 0.653E-04 0.136E-17 0.254E-04 0.188E-30 0.169E-15 0.232E-21
 24  0.62837E-02  533.35 0.854E-31 0.836E+00 0.218E-17 0.450E-37 0.450E-37 0.450E-37 0.450E-37 0.279E-11 0.162E+00 0.819E-03 0.465E-03 0.378E-10 0.579E-05 0.651E-04 0.209E-17 0.254E-04 0.320E-30 0.229E-15 0.390E-21
 25  0.73372E-02  537.15 0.139E-30 0.836E+00 0.286E-17 0.450E-37 0.450E-37 0.450E-37 0.450E-37 0.271E-11 0.162E+00 0.819E-03 0.465E-03 0.391E-10 0.623E-05 0.650E-04 0.317E-17 0.254E-04 0.532E-30 0.305E-15 0.632E-21
 26  0.85673E-02  541.16 0.231E-30 0.836E+00 0.381E-17 0.450E-37 0.450E-37 0.450E-37 0.450E-37 0.266E-11 0.162E+00 0.819E-03 0.465E-03 0.410E-10 0.669E-05 0.649E-04 0.486E-17 0.254E-04 0.906E-30 0.412E-15 0.105E-20
 27  0.10004E-01  545.40 0.391E-30 0.836E+00 0.515E-17 0.450E-37 0.450E-37 0.450E-37 0.450E-37 0.265E-11 0.162E+00 0.819E-03 0.465E-03 0.436E-10 0.716E-05 0.649E-04 0.755E-17 0.254E-04 0.159E-29 0.568E-15 0.180E-20
 28  0.11681E-01  549.91 0.692E-30 0.836E+00 0.708E-17 0.450E-37 0.450E-37 0.450E-37 0.450E-37 0.267E-11 0.162E+00 0.819E-03 0.465E-03 0.473E-10 0.760E-05 0.644E-04 0.119E-16 0.254E-04 0.288E-29 0.802E-15 0.321E-20
 29  0.13639E-01  554.71 0.136E-29 0.836E+00 0.993E-17 0.450E-37 0.450E-37 0.450E-37 0.450E-37 0.274E-11 0.162E+00 0.819E-03 0.465E-03 0.522E-10 0.803E-05 0.639E-04 0.190E-16 0.254E-04 0.541E-29 0.116E-14 0.607E-20
 30  0.15926E-01  559.55 0.262E-29 0.836E+00 0.139E-16 0.450E-37 0.450E-37 0.450E-37 0.450E-37 0.280E-11 0.162E+00 0.819E-03 0.465E-03 0.575E-10 0.849E-05 0.635E-04 0.304E-16 0.254E-04 0.101E-28 0.166E-14 0.113E-19
 31  0.18596E-01  564.85 0.530E-29 0.836E+00 0.200E-16 0.450E-37 0.450E-37 0.450E-37 0.450E-37 0.294E-11 0.162E+00 0.819E-03 0.465E-03 0.652E-10 0.894E-05 0.633E-04 0.497E-16 0.254E-04 0.199E-28 0.248E-14 0.226E-19
 32  0.21713E-01  570.91 0.118E-28 0.836E+00 0.304E-16 0.450E-37 0.450E-37 0.450E-37 0.450E-37 0.321E-11 0.162E+00 0.819E-03 0.465E-03 0.780E-10 0.930E-05 0.633E-04 0.851E-16 0.254E-04 0.436E-28 0.396E-14 0.503E-19
 33  0.25354E-01  577.70 0.288E-28 0.836E+00 0.485E-16 0.450E-37 0.450E-37 0.450E-37 0.450E-37 0.366E-11 0.162E+00 0.819E-03 0.465E-03 0.978E-10 0.958E-05 0.635E-04 0.152E-15 0.254E-04 0.104E-27 0.670E-14 0.125E-18
 34  0.29604E-01  585.81 0.883E-28 0.836E+00 0.845E-16 0.450E-37 0.450E-37 0.450E-37 0.450E-37 0.448E-11 0.162E+00 0.819E-03 0.465E-03 0.134E-09 0.966E-05 0.636E-04 0.291E-15 0.254E-04 0.294E-27 0.127E-13 0.382E-18
 35  0.34567E-01  594.25 0.280E-27 0.836E+00 0.149E-15 0.450E-37 0.450E-37 0.450E-37 0.450E-37 0.553E-11 0.162E+00 0.819E-03 0.465E-03 0.185E-09 0.968E-05 0.631E-04 0.562E-15 0.254E-04 0.846E-27 0.242E-13 0.119E-17
 36  0.40363E-01  602.74 0.847E-27 0.836E+00 0.257E-15 0.450E-37 0.615E-37 0.450E-37 0.450E-37 0.675E-11 0.162E+00 0.819E-03 0.465E-03 0.253E-09 0.974E-05 0.628E-04 0.107E-14 0.254E-04 0.236E-26 0.454E-13 0.360E-17
 37  0.47130E-01  611.16 0.240E-26 0.836E+00 0.436E-15 0.450E-37 0.152E-36 0.450E-37 0.450E-37 0.811E-11 0.162E+00 0.819E-03 0.465E-03 0.338E-09 0.983E-05 0.624E-04 0.200E-14 0.254E-04 0.631E-26 0.826E-13 0.105E-16
 38  0.55031E-01  620.20 0.717E-26 0.836E+00 0.758E-15 0.450E-37 0.368E-36 0.450E-37 0.450E-37 0.996E-11 0.162E+00 0.819E-03 0.465E-03 0.463E-09 0.989E-05 0.623E-04 0.381E-14 0.254E-04 0.177E-25 0.155E-12 0.322E-16
 39  0.64257E-01  630.10 0.232E-25 0.836E+00 0.137E-14 0.450E-37 0.885E-36 0.450E-37 0.450E-37 0.126E-10 0.162E+00 0.819E-03 0.465E-03 0.661E-09 0.987E-05 0.624E-04 0.751E-14 0.254E-04 0.536E-25 0.307E-12 0.108E-15
 40  0.75030E-01  640.88 0.808E-25 0.836E+00 0.257E-14 0.450E-37 0.210E-35 0.450E-37 0.450E-37 0.165E-10 0.162E+00 0.819E-03 0.465E-03 0.977E-09 0.979E-05 0.629E-04 0.153E-13 0.254E-04 0.174E-24 0.634E-12 0.388E-15
 41  0.87609E-01  652.53 0.309E-24 0.836E+00 0.498E-14 0.450E-37 0.621E-35 0.673E-37 0.450E-37 0.221E-10 0.162E+00 0.819E-03 0.465E-03 0.149E-08 0.966E-05 0.635E-04 0.318E-13 0.254E-04 0.596E-24 0.136E-11 0.150E-14
 42  0.10230E+00  665.17 0.140E-23 0.836E+00 0.996E-14 0.450E-37 0.487E-34 0.458E-36 0.450E-37 0.306E-10 0.162E+00 0.819E-03 0.465E-03 0.236E-08 0.939E-05 0.636E-04 0.678E-13 0.254E-04 0.217E-23 0.304E-11 0.636E-14
 43  0.11945E+00  678.63 0.659E-23 0.836E+00 0.203E-13 0.450E-37 0.398E-33 0.301E-35 0.450E-37 0.430E-10 0.162E+00 0.819E-03 0.465E-03 0.380E-08 0.907E-05 0.633E-04 0.147E-12 0.254E-04 0.821E-23 0.694E-11 0.281E-13
 44  0.13947E+00  692.93 0.312E-22 0.836E+00 0.421E-13 0.450E-37 0.332E-32 0.188E-34 0.450E-37 0.613E-10 0.162E+00 0.819E-03 0.465E-03 0.622E-08 0.875E-05 0.634E-04 0.322E-12 0.254E-04 0.319E-22 0.162E-10 0.128E-12
 45  0.16286E+00  708.13 0.164E-21 0.836E+00 0.886E-13 0.450E-37 0.310E-31 0.139E-33 0.908E-37 0.887E-10 0.162E+00 0.819E-03 0.465E-03 0.104E-07 0.841E-05 0.636E-04 0.714E-12 0.254E-04 0.128E-21 0.383E-10 0.595E-12
 46  0.19016E+00  724.41 0.976E-21 0.836E+00 0.190E-12 0.450E-37 0.331E-30 0.130E-32 0.326E-36 0.131E-09 0.162E+00 0.819E-03 0.465E-03 0.177E-07 0.804E-05 0.638E-04 0.160E-11 0.254E-04 0.529E-21 0.928E-10 0.289E-11
 47  0.22204E+00  741.93 0.612E-20 0.836E+00 0.418E-12 0.450E-37 0.378E-29 0.129E-31 0.109E-35 0.197E-09 0.162E+00 0.819E-03 0.465E-03 0.308E-07 0.765E-05 0.643E-04 0.367E-11 0.254E-04 0.229E-20 0.231E-09 0.150E-10
 48  0.25927E+00  760.76 0.344E-19 0.836E+00 0.938E-12 0.450E-37 0.390E-28 0.136E-30 0.825E-35 0.302E-09 0.162E+00 0.819E-03 0.465E-03 0.549E-07 0.724E-05 0.647E-04 0.853E-11 0.254E-04 0.103E-19 0.590E-09 0.612E-10
 49  0.30273E+00  781.10 0.190E-18 0.836E+00 0.216E-11 0.450E-37 0.401E-27 0.152E-29 0.130E-33 0.474E-09 0.162E+00 0.819E-03 0.465E-03 0.100E-06 0.680E-05 0.650E-04 0.201E-10 0.254E-04 0.481E-19 0.155E-08 0.226E-09
 50  0.35349E+00  803.05 0.111E-17 0.836E+00 0.506E-11 0.450E-37 0.440E-26 0.180E-28 0.218E-32 0.756E-09 0.162E+00 0.819E-03 0.465E-03 0.187E-06 0.634E-05 0.650E-04 0.482E-10 0.254E-04 0.234E-18 0.415E-08 0.898E-09
 51  0.41275E+00  826.64 0.500E-17 0.836E+00 0.120E-10 0.450E-37 0.376E-25 0.222E-27 0.381E-31 0.123E-08 0.162E+00 0.818E-03 0.465E-03 0.355E-06 0.588E-05 0.650E-04 0.116E-09 0.254E-04 0.116E-17 0.113E-07 0.245E-08
 52  0.48195E+00  851.94 0.231E-16 0.836E+00 0.290E-10 0.450E-37 0.332E-24 0.280E-26 0.689E-30 0.201E-08 0.162E+00 0.818E-03 0.464E-03 0.680E-06 0.545E-05 0.653E-04 0.284E-09 0.255E-04 0.591E-17 0.312E-07 0.674E-08
 53  0.56275E+00  879.19 0.945E-16 0.836E+00 0.708E-10 0.450E-37 0.259E-23 0.365E-25 0.129E-28 0.331E-08 0.162E+00 0.816E-03 0.462E-03 0.132E-05 0.503E-05 0.656E-04 0.696E-09 0.255E-04 0.306E-16 0.869E-07 0.158E-07
 54  0.65709E+00  908.86 0.388E-15 0.836E+00 0.176E-09 0.450E-37 0.206E-22 0.503E-24 0.257E-27 0.554E-08 0.162E+00 0.813E-03 0.459E-03 0.260E-05 0.462E-05 0.659E-04 0.173E-08 0.257E-04 0.164E-15 0.248E-06 0.360E-07
 55  0.76726E+00  941.16 0.147E-14 0.836E+00 0.446E-09 0.450E-37 0.152E-21 0.724E-23 0.538E-26 0.938E-08 0.162E+00 0.808E-03 0.455E-03 0.519E-05 0.422E-05 0.662E-04 0.437E-08 0.260E-04 0.903E-15 0.715E-06 0.697E-07
 56  0.89589E+00  976.36 0.503E-14 0.836E+00 0.115E-08 0.450E-37 0.102E-20 0.108E-21 0.118E-24 0.159E-07 0.162E+00 0.801E-03 0.447E-03 0.105E-04 0.383E-05 0.666E-04 0.112E-07 0.266E-04 0.510E-14 0.181E-05 0.110E-06
 57  0.10461E+01 1015.30 0.160E-13 0.836E+00 0.304E-08 0.450E-37 0.643E-20 0.174E-20 0.281E-23 0.264E-07 0.162E+00 0.785E-03 0.430E-03 0.209E-04 0.345E-05 0.668E-04 0.290E-07 0.272E-04 0.300E-13 0.336E-05 0.146E-06
 58  0.12215E+01 1058.40 0.452E-13 0.836E+00 0.823E-08 0.450E-37 0.364E-19 0.301E-19 0.729E-22 0.402E-07 0.162E+00 0.747E-03 0.392E-03 0.394E-04 0.309E-05 0.668E-04 0.776E-07 0.272E-04 0.182E-12 0.325E-05 0.149E-06
 59  0.14262E+01 1106.65 0.135E-12 0.836E+00 0.229E-07 0.450E-37 0.221E-18 0.562E-18 0.207E-20 0.626E-07 0.162E+00 0.713E-03 0.354E-03 0.762E-04 0.275E-05 0.670E-04 0.194E-06 0.273E-04 0.116E-11 0.347E-05 0.158E-06
 60  0.16654E+01 1156.82 0.371E-12 0.836E+00 0.608E-07 0.450E-37 0.119E-17 0.917E-17 0.508E-19 0.739E-07 0.162E+00 0.648E-03 0.279E-03 0.116E-03 0.247E-05 0.671E-04 0.310E-06 0.272E-04 0.665E-11 0.348E-05 0.164E-06
 61  0.19446E+01 1208.93 0.974E-12 0.836E+00 0.153E-06 0.450E-37 0.595E-17 0.128E-15 0.104E-17 0.927E-07 0.162E+00 0.604E-03 0.232E-03 0.181E-03 0.225E-05 0.673E-04 0.429E-06 0.272E-04 0.346E-10 0.349E-05 0.171E-06
 62  0.22706E+01 1263.03 0.243E-11 0.837E+00 0.367E-06 0.450E-37 0.274E-16 0.156E-14 0.184E-16 0.962E-07 0.162E+00 0.551E-03 0.173E-03 0.236E-03 0.207E-05 0.674E-04 0.399E-06 0.272E-04 0.164E-09 0.352E-05 0.180E-06
 63  0.26512E+01 1319.17 0.581E-11 0.837E+00 0.841E-06 0.450E-37 0.117E-15 0.167E-13 0.279E-15 0.100E-06 0.162E+00 0.504E-03 0.134E-03 0.306E-03 0.193E-05 0.675E-04 0.373E-06 0.272E-04 0.710E-09 0.354E-05 0.189E-06
 64  0.30957E+01 1377.35 0.133E-10 0.837E+00 0.184E-05 0.450E-37 0.466E-15 0.158E-12 0.368E-14 0.927E-07 0.162E+00 0.458E-03 0.965E-04 0.352E-03 0.181E-05 0.676E-04 0.343E-06 0.272E-04 0.283E-08 0.358E-05 0.201E-06
 65  0.36147E+01 1437.64 0.292E-10 0.837E+00 0.388E-05 0.450E-37 0.173E-14 0.129E-11 0.397E-13 0.828E-07 0.162E+00 0.434E-03 0.641E-04 0.371E-03 0.172E-05 0.675E-04 0.304E-06 0.272E-04 0.105E-07 0.362E-05 0.212E-06
 66  0.42208E+01 1500.07 0.615E-10 0.837E+00 0.785E-05 0.450E-37 0.600E-14 0.938E-11 0.371E-12 0.759E-07 0.162E+00 0.415E-03 0.445E-04 0.396E-03 0.165E-05 0.675E-04 0.271E-06 0.271E-04 0.358E-07 0.365E-05 0.222E-06
 67  0.49284E+01 1564.65 0.123E-09 0.837E+00 0.153E-04 0.879E-37 0.194E-13 0.600E-10 0.276E-11 0.702E-07 0.162E+00 0.410E-03 0.302E-04 0.410E-03 0.160E-05 0.675E-04 0.236E-06 0.267E-04 0.114E-06 0.367E-05 0.228E-06
 68  0.57546E+01 1631.45 0.238E-09 0.837E+00 0.288E-04 0.740E-36 0.588E-13 0.344E-09 0.183E-10 0.669E-07 0.162E+00 0.411E-03 0.211E-04 0.427E-03 0.157E-05 0.675E-04 0.207E-06 0.258E-04 0.340E-06 0.368E-05 0.233E-06
 69  0.67194E+01 1700.44 0.443E-09 0.837E+00 0.523E-04 0.348E-34 0.168E-12 0.176E-08 0.107E-09 0.651E-07 0.162E+00 0.421E-03 0.149E-04 0.442E-03 0.155E-05 0.676E-04 0.181E-06 0.245E-04 0.948E-06 0.369E-05 0.236E-06
 70  0.78460E+01 1771.64 0.793E-09 0.837E+00 0.920E-04 0.135E-32 0.454E-12 0.471E-08 0.550E-09 0.666E-07 0.162E+00 0.459E-03 0.100E-04 0.450E-03 0.154E-05 0.676E-04 0.157E-06 0.238E-04 0.248E-05 0.370E-05 0.237E-06
 71  0.91613E+01 1845.11 0.138E-08 0.836E+00 0.157E-03 0.436E-31 0.117E-11 0.691E-08 0.261E-08 0.657E-07 0.162E+00 0.482E-03 0.724E-05 0.456E-03 0.155E-05 0.676E-04 0.137E-06 0.233E-04 0.599E-05 0.370E-05 0.237E-06
 72  0.10697E+02 1887.40 0.179E-08 0.836E+00 0.202E-03 0.266E-30 0.194E-11 0.662E-08 0.563E-08 0.646E-07 0.162E+00 0.494E-03 0.696E-05 0.455E-03 0.166E-05 0.676E-04 0.130E-06 0.232E-04 0.892E-05 0.369E-05 0.237E-06
 73  0.12491E+02 1928.29 0.227E-08 0.836E+00 0.254E-03 0.140E-29 0.310E-11 0.625E-08 0.113E-07 0.628E-07 0.162E+00 0.500E-03 0.691E-05 0.453E-03 0.180E-05 0.674E-04 0.123E-06 0.232E-04 0.127E-04 0.369E-05 0.236E-06
 74  0.14585E+02 1975.66 0.298E-08 0.836E+00 0.330E-03 0.899E-29 0.520E-11 0.574E-08 0.252E-07 0.603E-07 0.162E+00 0.501E-03 0.675E-05 0.452E-03 0.193E-05 0.673E-04 0.116E-06 0.232E-04 0.190E-04 0.369E-05 0.235E-06
 75  0.17030E+02 2032.09 0.410E-08 0.836E+00 0.448E-03 0.749E-28 0.935E-11 0.512E-08 0.541E-07 0.577E-07 0.162E+00 0.500E-03 0.637E-05 0.453E-03 0.205E-05 0.672E-04 0.106E-06 0.232E-04 0.273E-04 0.368E-05 0.234E-06
 76  0.19885E+02 2102.03 0.603E-08 0.836E+00 0.648E-03 0.910E-27 0.185E-10 0.438E-08 0.130E-06 0.548E-07 0.162E+00 0.497E-03 0.569E-05 0.456E-03 0.215E-05 0.671E-04 0.952E-07 0.231E-04 0.418E-04 0.368E-05 0.232E-06
 77  0.23219E+02 2184.36 0.928E-08 0.836E+00 0.979E-03 0.143E-25 0.390E-10 0.359E-08 0.141E-06 0.519E-07 0.162E+00 0.495E-03 0.489E-05 0.457E-03 0.222E-05 0.671E-04 0.829E-07 0.229E-04 0.516E-04 0.367E-05 0.229E-06
 78  0.27112E+02 2268.60 0.139E-07 0.835E+00 0.144E-02 0.193E-24 0.790E-10 0.292E-08 0.141E-06 0.493E-07 0.162E+00 0.493E-03 0.430E-05 0.459E-03 0.232E-05 0.671E-04 0.728E-07 0.226E-04 0.541E-04 0.366E-05 0.225E-06
 79  0.31657E+02 2354.50 0.204E-07 0.835E+00 0.207E-02 0.225E-23 0.154E-09 0.238E-08 0.136E-06 0.470E-07 0.162E+00 0.493E-03 0.386E-05 0.459E-03 0.243E-05 0.669E-04 0.640E-07 0.224E-04 0.540E-04 0.365E-05 0.220E-06
 80  0.36964E+02 2441.58 0.291E-07 0.834E+00 0.291E-02 0.227E-22 0.287E-09 0.195E-08 0.129E-06 0.449E-07 0.162E+00 0.494E-03 0.354E-05 0.457E-03 0.256E-05 0.667E-04 0.560E-07 0.220E-04 0.538E-04 0.363E-05 0.213E-06
 81  0.43161E+02 2530.02 0.405E-07 0.833E+00 0.399E-02 0.200E-21 0.516E-09 0.161E-08 0.122E-06 0.432E-07 0.162E+00 0.494E-03 0.333E-05 0.456E-03 0.272E-05 0.664E-04 0.493E-07 0.215E-04 0.537E-04 0.361E-05 0.204E-06
 82  0.50398E+02 2619.68 0.551E-07 0.831E+00 0.535E-02 0.156E-20 0.896E-09 0.133E-08 0.113E-06 0.416E-07 0.162E+00 0.494E-03 0.321E-05 0.456E-03 0.289E-05 0.662E-04 0.438E-07 0.210E-04 0.535E-04 0.359E-05 0.195E-06
 83  0.58847E+02 2709.89 0.733E-07 0.830E+00 0.702E-02 0.106E-19 0.150E-08 0.111E-08 0.104E-06 0.402E-07 0.162E+00 0.493E-03 0.317E-05 0.456E-03 0.310E-05 0.659E-04 0.394E-07 0.205E-04 0.532E-04 0.356E-05 0.184E-06
 84  0.68713E+02 2800.83 0.956E-07 0.828E+00 0.902E-02 0.645E-19 0.244E-08 0.933E-09 0.943E-07 0.389E-07 0.161E+00 0.492E-03 0.319E-05 0.456E-03 0.334E-05 0.657E-04 0.358E-07 0.199E-04 0.530E-04 0.353E-05 0.173E-06
 85  0.80233E+02 2892.61 0.123E-06 0.826E+00 0.114E-01 0.353E-18 0.385E-08 0.790E-09 0.847E-07 0.378E-07 0.161E+00 0.492E-03 0.327E-05 0.456E-03 0.361E-05 0.655E-04 0.329E-07 0.194E-04 0.527E-04 0.349E-05 0.162E-06
 86  0.93684E+02 2984.83 0.154E-06 0.823E+00 0.141E-01 0.174E-17 0.592E-08 0.675E-09 0.754E-07 0.369E-07 0.161E+00 0.491E-03 0.341E-05 0.455E-03 0.392E-05 0.653E-04 0.306E-07 0.189E-04 0.525E-04 0.345E-05 0.151E-06
 87  0.10939E+03 3077.52 0.191E-06 0.820E+00 0.173E-01 0.780E-17 0.885E-08 0.584E-09 0.669E-07 0.360E-07 0.161E+00 0.493E-03 0.358E-05 0.453E-03 0.426E-05 0.647E-04 0.283E-07 0.183E-04 0.521E-04 0.339E-05 0.138E-06
 88  0.12773E+03 3170.73 0.232E-06 0.817E+00 0.208E-01 0.322E-16 0.129E-07 0.509E-09 0.591E-07 0.352E-07 0.161E+00 0.495E-03 0.379E-05 0.450E-03 0.463E-05 0.640E-04 0.262E-07 0.176E-04 0.517E-04 0.333E-05 0.126E-06
 89  0.14914E+03 3264.64 0.279E-06 0.813E+00 0.247E-01 0.123E-15 0.184E-07 0.447E-09 0.521E-07 0.346E-07 0.160E+00 0.496E-03 0.408E-05 0.447E-03 0.505E-05 0.633E-04 0.245E-07 0.170E-04 0.513E-04 0.325E-05 0.115E-06
 90  0.17415E+03 3359.34 0.331E-06 0.809E+00 0.289E-01 0.435E-15 0.259E-07 0.394E-09 0.458E-07 0.340E-07 0.160E+00 0.498E-03 0.445E-05 0.445E-03 0.553E-05 0.626E-04 0.232E-07 0.165E-04 0.508E-04 0.317E-05 0.104E-06
 91  0.20335E+03 3454.80 0.389E-06 0.804E+00 0.335E-01 0.144E-14 0.357E-07 0.350E-09 0.401E-07 0.334E-07 0.159E+00 0.499E-03 0.491E-05 0.443E-03 0.606E-05 0.619E-04 0.222E-07 0.159E-04 0.503E-04 0.308E-05 0.947E-07
