n pressure temperature e- H2 H H+ H- VO TiO CO2 He H2O CH4 CO NH3 N2 PH3 H2S Fe Na K dum dum dum dum
  1  0.10000E-05  150.87 0.450E-37 0.837E+00 0.450E-37 0.450E-37 0.450E-37 0.450E-37 0.450E-37 0.450E-37 0.163E+00 0.690E-04 0.466E-03 0.450E-37 0.137E-03 0.542E-16 0.450E-37 0.254E-04 0.450E-37 0.450E-37 0.450E-37 0.450E-37 0.450E-37 0.450E-37 0.450E-37
  2  0.14100E-05  149.68 0.450E-37 0.837E+00 0.450E-37 0.450E-37 0.450E-37 0.450E-37 0.450E-37 0.450E-37 0.163E+00 0.353E-04 0.466E-03 0.450E-37 0.137E-03 0.158E-16 0.450E-37 0.254E-04 0.450E-37 0.450E-37 0.450E-37 0.450E-37 0.450E-37 0.450E-37 0.450E-37
  3  0.20000E-05  148.40 0.450E-37 0.837E+00 0.450E-37 0.450E-37 0.450E-37 0.450E-37 0.450E-37 0.450E-37 0.163E+00 0.175E-04 0.466E-03 0.450E-37 0.137E-03 0.437E-17 0.450E-37 0.254E-04 0.450E-37 0.450E-37 0.450E-37 0.450E-37 0.450E-37 0.450E-37 0.450E-37
  4  0.28200E-05  147.00 0.450E-37 0.837E+00 0.450E-37 0.450E-37 0.450E-37 0.450E-37 0.450E-37 0.450E-37 0.163E+00 0.834E-05 0.466E-03 0.450E-37 0.137E-03 0.114E-17 0.450E-37 0.254E-04 0.450E-37 0.450E-37 0.450E-37 0.450E-37 0.450E-37 0.450E-37 0.450E-37
  5  0.39800E-05  145.46 0.450E-37 0.837E+00 0.450E-37 0.450E-37 0.450E-37 0.450E-37 0.450E-37 0.450E-37 0.163E+00 0.379E-05 0.466E-03 0.450E-37 0.137E-03 0.274E-18 0.450E-37 0.253E-04 0.450E-37 0.450E-37 0.450E-37 0.450E-37 0.450E-37 0.450E-37 0.450E-37
  6  0.56200E-05  143.89 0.450E-37 0.837E+00 0.450E-37 0.450E-37 0.450E-37 0.450E-37 0.450E-37 0.450E-37 0.163E+00 0.169E-05 0.466E-03 0.450E-37 0.137E-03 0.635E-19 0.450E-37 0.249E-04 0.450E-37 0.450E-37 0.450E-37 0.450E-37 0.450E-37 0.450E-37 0.450E-37
  7  0.79400E-05  141.99 0.450E-37 0.837E+00 0.450E-37 0.450E-37 0.450E-37 0.450E-37 0.450E-37 0.450E-37 0.163E+00 0.672E-06 0.466E-03 0.450E-37 0.137E-03 0.123E-19 0.450E-37 0.244E-04 0.450E-37 0.450E-37 0.450E-37 0.450E-37 0.450E-37 0.450E-37 0.450E-37
  8  0.11220E-04  140.28 0.450E-37 0.837E+00 0.450E-37 0.450E-37 0.450E-37 0.450E-37 0.450E-37 0.450E-37 0.163E+00 0.280E-06 0.466E-03 0.450E-37 0.137E-03 0.255E-20 0.450E-37 0.214E-04 0.450E-37 0.450E-37 0.450E-37 0.450E-37 0.450E-37 0.450E-37 0.450E-37
  9  0.15850E-04  139.18 0.450E-37 0.837E+00 0.450E-37 0.450E-37 0.450E-37 0.450E-37 0.450E-37 0.450E-37 0.163E+00 0.140E-06 0.466E-03 0.450E-37 0.137E-03 0.723E-21 0.450E-37 0.119E-04 0.450E-37 0.450E-37 0.450E-37 0.450E-37 0.450E-37 0.450E-37 0.450E-37
 10  0.22390E-04  138.29 0.450E-37 0.837E+00 0.450E-37 0.450E-37 0.450E-37 0.450E-37 0.450E-37 0.450E-37 0.163E+00 0.745E-07 0.466E-03 0.450E-37 0.137E-03 0.226E-21 0.450E-37 0.652E-05 0.450E-37 0.450E-37 0.450E-37 0.450E-37 0.450E-37 0.450E-37 0.450E-37
 11  0.31620E-04  136.86 0.450E-37 0.837E+00 0.450E-37 0.450E-37 0.450E-37 0.450E-37 0.450E-37 0.450E-37 0.163E+00 0.331E-07 0.466E-03 0.450E-37 0.137E-03 0.524E-22 0.450E-37 0.304E-05 0.450E-37 0.450E-37 0.450E-37 0.450E-37 0.450E-37 0.450E-37 0.450E-37
 12  0.44670E-04  134.53 0.450E-37 0.837E+00 0.450E-37 0.450E-37 0.450E-37 0.450E-37 0.450E-37 0.450E-37 0.163E+00 0.107E-07 0.466E-03 0.450E-37 0.137E-03 0.722E-23 0.450E-37 0.106E-05 0.450E-37 0.450E-37 0.450E-37 0.450E-37 0.450E-37 0.450E-37 0.450E-37
 13  0.63100E-04  130.78 0.450E-37 0.837E+00 0.450E-37 0.450E-37 0.450E-37 0.450E-37 0.450E-37 0.450E-37 0.163E+00 0.203E-08 0.466E-03 0.450E-37 0.137E-03 0.412E-24 0.450E-37 0.231E-06 0.450E-37 0.450E-37 0.450E-37 0.450E-37 0.450E-37 0.450E-37 0.450E-37
 14  0.89120E-04  122.56 0.450E-37 0.837E+00 0.450E-37 0.450E-37 0.450E-37 0.450E-37 0.450E-37 0.450E-37 0.163E+00 0.607E-10 0.466E-03 0.450E-37 0.137E-03 0.114E-26 0.450E-37 0.947E-08 0.450E-37 0.450E-37 0.450E-37 0.450E-37 0.450E-37 0.450E-37 0.450E-37
 15  0.12589E-03  121.14 0.450E-37 0.837E+00 0.450E-37 0.450E-37 0.450E-37 0.450E-37 0.450E-37 0.450E-37 0.163E+00 0.238E-10 0.466E-03 0.450E-37 0.137E-03 0.217E-27 0.450E-37 0.395E-08 0.450E-37 0.450E-37 0.450E-37 0.450E-37 0.450E-37 0.450E-37 0.450E-37
 16  0.17783E-03  145.10 0.450E-37 0.837E+00 0.450E-37 0.450E-37 0.450E-37 0.450E-37 0.450E-37 0.450E-37 0.163E+00 0.764E-07 0.466E-03 0.450E-37 0.137E-03 0.115E-21 0.450E-37 0.505E-05 0.450E-37 0.450E-37 0.450E-37 0.450E-37 0.450E-37 0.450E-37 0.450E-37
 17  0.25119E-03  156.53 0.450E-37 0.837E+00 0.450E-37 0.450E-37 0.450E-37 0.450E-37 0.450E-37 0.450E-37 0.163E+00 0.121E-05 0.466E-03 0.450E-37 0.137E-03 0.101E-19 0.450E-37 0.202E-04 0.450E-37 0.450E-37 0.450E-37 0.450E-37 0.450E-37 0.450E-37 0.450E-37
 18  0.35481E-03  103.12 0.451E-37 0.837E+00 0.451E-37 0.451E-37 0.451E-37 0.451E-37 0.451E-37 0.451E-37 0.163E+00 0.115E-14 0.466E-03 0.451E-37 0.894E-05 0.432E-36 0.451E-37 0.466E-12 0.451E-37 0.451E-37 0.451E-37 0.451E-37 0.451E-37 0.451E-37 0.451E-37
 19  0.50119E-03   94.06 0.451E-37 0.837E+00 0.451E-37 0.451E-37 0.451E-37 0.451E-37 0.451E-37 0.451E-37 0.163E+00 0.255E-17 0.466E-03 0.451E-37 0.208E-06 0.451E-37 0.451E-37 0.185E-14 0.451E-37 0.451E-37 0.451E-37 0.451E-37 0.451E-37 0.451E-37 0.451E-37
 20  0.70795E-03   92.71 0.451E-37 0.837E+00 0.451E-37 0.451E-37 0.451E-37 0.451E-37 0.451E-37 0.451E-37 0.163E+00 0.692E-18 0.466E-03 0.451E-37 0.835E-07 0.451E-37 0.451E-37 0.552E-15 0.451E-37 0.451E-37 0.451E-37 0.451E-37 0.451E-37 0.451E-37 0.451E-37
 21  0.10000E-02  103.98 0.451E-37 0.837E+00 0.451E-37 0.451E-37 0.451E-37 0.451E-37 0.451E-37 0.451E-37 0.163E+00 0.667E-15 0.466E-03 0.451E-37 0.425E-05 0.137E-36 0.451E-37 0.258E-12 0.451E-37 0.451E-37 0.451E-37 0.451E-37 0.451E-37 0.451E-37 0.451E-37
 22  0.14125E-02  111.22 0.451E-37 0.837E+00 0.451E-37 0.451E-37 0.451E-37 0.451E-37 0.451E-37 0.451E-37 0.163E+00 0.225E-13 0.466E-03 0.451E-37 0.264E-04 0.194E-35 0.451E-37 0.589E-11 0.451E-37 0.451E-37 0.451E-37 0.451E-37 0.451E-37 0.451E-37 0.451E-37
 23  0.19953E-02  126.88 0.450E-37 0.837E+00 0.450E-37 0.450E-37 0.450E-37 0.450E-37 0.450E-37 0.450E-37 0.163E+00 0.151E-10 0.466E-03 0.450E-37 0.137E-03 0.382E-28 0.450E-37 0.198E-08 0.450E-37 0.450E-37 0.450E-37 0.450E-37 0.450E-37 0.450E-37 0.450E-37
 24  0.28184E-02  152.23 0.450E-37 0.837E+00 0.450E-37 0.450E-37 0.450E-37 0.450E-37 0.450E-37 0.450E-37 0.163E+00 0.353E-07 0.466E-03 0.450E-37 0.137E-03 0.126E-22 0.450E-37 0.204E-05 0.450E-37 0.450E-37 0.450E-37 0.450E-37 0.450E-37 0.450E-37 0.450E-37
 25  0.39811E-02  144.24 0.450E-37 0.837E+00 0.450E-37 0.450E-37 0.450E-37 0.450E-37 0.450E-37 0.450E-37 0.163E+00 0.265E-08 0.466E-03 0.450E-37 0.137E-03 0.151E-24 0.450E-37 0.192E-06 0.450E-37 0.450E-37 0.450E-37 0.450E-37 0.450E-37 0.450E-37 0.450E-37
 26  0.56234E-02  135.54 0.450E-37 0.837E+00 0.450E-37 0.450E-37 0.450E-37 0.450E-37 0.450E-37 0.450E-37 0.163E+00 0.120E-09 0.466E-03 0.450E-37 0.137E-03 0.802E-27 0.450E-37 0.115E-07 0.450E-37 0.450E-37 0.450E-37 0.450E-37 0.450E-37 0.450E-37 0.450E-37
 27  0.79433E-02  120.64 0.451E-37 0.837E+00 0.451E-37 0.451E-37 0.451E-37 0.451E-37 0.451E-37 0.451E-37 0.163E+00 0.306E-12 0.466E-03 0.451E-37 0.607E-04 0.685E-33 0.451E-37 0.518E-10 0.451E-37 0.451E-37 0.451E-37 0.451E-37 0.451E-37 0.451E-37 0.451E-37
 28  0.11220E-01  107.33 0.451E-37 0.837E+00 0.451E-37 0.451E-37 0.451E-37 0.451E-37 0.451E-37 0.451E-37 0.163E+00 0.380E-15 0.466E-03 0.451E-37 0.114E-05 0.451E-37 0.451E-37 0.122E-12 0.451E-37 0.451E-37 0.451E-37 0.451E-37 0.451E-37 0.451E-37 0.451E-37
 29  0.15849E-01  107.50 0.451E-37 0.837E+00 0.451E-37 0.451E-37 0.451E-37 0.451E-37 0.451E-37 0.451E-37 0.163E+00 0.294E-15 0.466E-03 0.451E-37 0.847E-06 0.451E-37 0.451E-37 0.934E-13 0.451E-37 0.451E-37 0.451E-37 0.451E-37 0.451E-37 0.451E-37 0.451E-37
 30  0.22387E-01  116.89 0.451E-37 0.837E+00 0.451E-37 0.451E-37 0.451E-37 0.451E-37 0.451E-37 0.451E-37 0.163E+00 0.210E-13 0.466E-03 0.451E-37 0.922E-05 0.860E-36 0.451E-37 0.419E-11 0.451E-37 0.451E-37 0.451E-37 0.451E-37 0.451E-37 0.451E-37 0.451E-37
 31  0.31623E-01  124.44 0.451E-37 0.837E+00 0.451E-37 0.451E-37 0.451E-37 0.451E-37 0.451E-37 0.451E-37 0.163E+00 0.366E-12 0.466E-03 0.451E-37 0.405E-04 0.492E-33 0.451E-37 0.529E-10 0.451E-37 0.451E-37 0.451E-37 0.451E-37 0.451E-37 0.451E-37 0.451E-37
 32  0.44668E-01  127.07 0.451E-37 0.837E+00 0.451E-37 0.451E-37 0.451E-37 0.451E-37 0.451E-37 0.451E-37 0.163E+00 0.725E-12 0.466E-03 0.451E-37 0.524E-04 0.330E-32 0.451E-37 0.944E-10 0.451E-37 0.451E-37 0.451E-37 0.451E-37 0.451E-37 0.451E-37 0.451E-37
 33  0.63096E-01  127.52 0.451E-37 0.837E+00 0.451E-37 0.451E-37 0.451E-37 0.451E-37 0.451E-37 0.451E-37 0.163E+00 0.609E-12 0.466E-03 0.451E-37 0.423E-04 0.988E-33 0.451E-37 0.779E-10 0.451E-37 0.451E-37 0.451E-37 0.451E-37 0.451E-37 0.451E-37 0.451E-37
 34  0.89125E-01  128.96 0.451E-37 0.837E+00 0.451E-37 0.451E-37 0.451E-37 0.451E-37 0.451E-37 0.451E-37 0.163E+00 0.740E-12 0.466E-03 0.451E-37 0.427E-04 0.708E-33 0.451E-37 0.897E-10 0.451E-37 0.451E-37 0.451E-37 0.451E-37 0.451E-37 0.451E-37 0.451E-37
 35  0.12589E+00  132.48 0.451E-37 0.837E+00 0.451E-37 0.451E-37 0.451E-37 0.451E-37 0.451E-37 0.451E-37 0.163E+00 0.187E-11 0.466E-03 0.451E-37 0.533E-04 0.576E-32 0.451E-37 0.200E-09 0.451E-37 0.451E-37 0.451E-37 0.451E-37 0.451E-37 0.451E-37 0.451E-37
 36  0.17783E+00  136.92 0.451E-37 0.837E+00 0.451E-37 0.451E-37 0.451E-37 0.451E-37 0.451E-37 0.451E-37 0.163E+00 0.599E-11 0.466E-03 0.451E-37 0.814E-04 0.132E-30 0.451E-37 0.549E-09 0.451E-37 0.451E-37 0.451E-37 0.451E-37 0.451E-37 0.451E-37 0.451E-37
 37  0.25119E+00  145.50 0.450E-37 0.837E+00 0.450E-37 0.450E-37 0.450E-37 0.450E-37 0.450E-37 0.450E-37 0.163E+00 0.607E-10 0.466E-03 0.450E-37 0.131E-03 0.302E-28 0.450E-37 0.425E-08 0.450E-37 0.450E-37 0.450E-37 0.450E-37 0.450E-37 0.450E-37 0.450E-37
 38  0.35481E+00  156.96 0.450E-37 0.837E+00 0.450E-37 0.450E-37 0.450E-37 0.450E-37 0.450E-37 0.450E-37 0.163E+00 0.951E-09 0.466E-03 0.450E-37 0.137E-03 0.606E-26 0.450E-37 0.488E-07 0.450E-37 0.450E-37 0.450E-37 0.450E-37 0.450E-37 0.450E-37 0.450E-37
 39  0.50119E+00  175.53 0.450E-37 0.837E+00 0.450E-37 0.450E-37 0.450E-37 0.450E-37 0.450E-37 0.450E-37 0.163E+00 0.432E-07 0.466E-03 0.450E-37 0.137E-03 0.324E-23 0.450E-37 0.146E-05 0.450E-37 0.450E-37 0.450E-37 0.450E-37 0.450E-37 0.450E-37 0.450E-37
 40  0.70795E+00  196.07 0.450E-37 0.837E+00 0.450E-37 0.450E-37 0.450E-37 0.450E-37 0.450E-37 0.450E-37 0.163E+00 0.122E-05 0.466E-03 0.450E-37 0.137E-03 0.830E-21 0.450E-37 0.187E-04 0.450E-37 0.450E-37 0.450E-37 0.450E-37 0.450E-37 0.450E-37 0.450E-37
 41  0.10000E+01  218.70 0.450E-37 0.837E+00 0.450E-37 0.450E-37 0.450E-37 0.450E-37 0.450E-37 0.450E-37 0.163E+00 0.224E-04 0.466E-03 0.450E-37 0.137E-03 0.109E-18 0.450E-37 0.254E-04 0.450E-37 0.450E-37 0.450E-37 0.450E-37 0.450E-37 0.450E-37 0.450E-37
 42  0.14125E+01  243.55 0.450E-37 0.836E+00 0.450E-37 0.450E-37 0.450E-37 0.450E-37 0.450E-37 0.418E-36 0.163E+00 0.283E-03 0.466E-03 0.450E-37 0.137E-03 0.801E-17 0.455E-37 0.254E-04 0.450E-37 0.450E-37 0.450E-37 0.450E-37 0.450E-37 0.450E-37 0.450E-37
 43  0.19953E+01  270.86 0.450E-37 0.836E+00 0.450E-37 0.450E-37 0.450E-37 0.450E-37 0.450E-37 0.335E-32 0.162E+00 0.819E-03 0.465E-03 0.616E-35 0.137E-03 0.354E-15 0.545E-34 0.254E-04 0.450E-37 0.450E-37 0.450E-37 0.450E-37 0.450E-37 0.450E-37 0.450E-37
 44  0.28184E+01  300.88 0.450E-37 0.836E+00 0.296E-35 0.450E-37 0.450E-37 0.450E-37 0.450E-37 0.256E-29 0.162E+00 0.819E-03 0.465E-03 0.290E-31 0.137E-03 0.101E-13 0.534E-30 0.254E-04 0.450E-37 0.450E-37 0.450E-37 0.450E-37 0.450E-37 0.450E-37 0.450E-37
 45  0.39811E+01  333.96 0.450E-37 0.836E+00 0.140E-31 0.450E-37 0.450E-37 0.450E-37 0.450E-37 0.897E-27 0.162E+00 0.819E-03 0.465E-03 0.516E-28 0.137E-03 0.200E-12 0.160E-26 0.254E-04 0.450E-37 0.450E-37 0.450E-37 0.450E-37 0.450E-37 0.450E-37 0.450E-37
 46  0.56234E+01  370.48 0.450E-37 0.836E+00 0.274E-28 0.450E-37 0.450E-37 0.450E-37 0.450E-37 0.160E-24 0.162E+00 0.819E-03 0.465E-03 0.393E-25 0.137E-03 0.284E-11 0.205E-23 0.254E-04 0.450E-37 0.450E-37 0.450E-37 0.450E-37 0.450E-37 0.450E-37 0.450E-37
 47  0.79433E+01  410.84 0.450E-37 0.836E+00 0.245E-25 0.450E-37 0.450E-37 0.450E-37 0.450E-37 0.155E-22 0.162E+00 0.819E-03 0.465E-03 0.142E-22 0.137E-03 0.302E-10 0.125E-20 0.254E-04 0.450E-37 0.145E-26 0.523E-37 0.143E-36 0.994E-37 0.450E-37 0.450E-37
 48  0.10000E+02  440.11 0.450E-37 0.836E+00 0.155E-23 0.450E-37 0.450E-37 0.450E-37 0.450E-37 0.274E-21 0.162E+00 0.819E-03 0.465E-03 0.549E-21 0.137E-03 0.126E-09 0.618E-19 0.254E-04 0.450E-37 0.259E-24 0.285E-35 0.253E-34 0.115E-34 0.450E-37 0.450E-37
 49  0.15849E+02  504.97 0.103E-36 0.836E+00 0.269E-20 0.450E-37 0.450E-37 0.450E-37 0.450E-37 0.476E-19 0.162E+00 0.819E-03 0.465E-03 0.390E-18 0.137E-03 0.161E-08 0.685E-16 0.254E-04 0.660E-36 0.274E-20 0.514E-29 0.334E-28 0.166E-28 0.638E-37 0.768E-37
 50  0.22387E+02  559.74 0.228E-33 0.836E+00 0.377E-18 0.450E-37 0.450E-37 0.450E-37 0.450E-37 0.144E-17 0.162E+00 0.819E-03 0.465E-03 0.297E-16 0.137E-03 0.849E-08 0.703E-14 0.254E-04 0.739E-32 0.120E-17 0.715E-25 0.372E-24 0.196E-24 0.170E-35 0.127E-34
 51  0.31623E+02  620.39 0.866E-30 0.836E+00 0.321E-16 0.450E-37 0.450E-37 0.450E-37 0.450E-37 0.306E-16 0.162E+00 0.819E-03 0.465E-03 0.143E-14 0.137E-03 0.366E-07 0.451E-12 0.254E-04 0.316E-28 0.274E-15 0.425E-21 0.181E-20 0.261E-21 0.299E-32 0.299E-31
 52  0.44668E+02  687.48 0.285E-26 0.836E+00 0.174E-14 0.450E-37 0.821E-35 0.595E-36 0.450E-37 0.468E-15 0.162E+00 0.819E-03 0.465E-03 0.450E-13 0.137E-03 0.131E-06 0.189E-10 0.254E-04 0.564E-25 0.346E-13 0.128E-17 0.331E-17 0.637E-19 0.117E-28 0.960E-28
 53  0.63096E+02  761.64 0.407E-23 0.836E+00 0.627E-13 0.450E-37 0.736E-31 0.625E-33 0.649E-36 0.529E-14 0.162E+00 0.819E-03 0.465E-03 0.967E-12 0.135E-03 0.389E-06 0.541E-09 0.254E-04 0.455E-22 0.254E-11 0.209E-14 0.966E-15 0.491E-17 0.196E-25 0.134E-24
 54  0.89125E+02  843.45 0.421E-20 0.836E+00 0.156E-11 0.450E-37 0.679E-27 0.623E-29 0.136E-32 0.455E-13 0.162E+00 0.819E-03 0.465E-03 0.146E-10 0.133E-03 0.983E-06 0.108E-07 0.254E-04 0.178E-19 0.115E-09 0.178E-11 0.492E-13 0.286E-15 0.151E-22 0.874E-22
 55  0.12589E+03  933.51 0.203E-17 0.836E+00 0.276E-10 0.450E-37 0.235E-23 0.228E-25 0.155E-28 0.301E-12 0.162E+00 0.819E-03 0.465E-03 0.158E-09 0.131E-03 0.211E-05 0.133E-06 0.254E-04 0.357E-17 0.331E-08 0.402E-09 0.148E-11 0.106E-13 0.569E-20 0.286E-19
 56  0.17783E+03 1032.37 0.247E-15 0.836E+00 0.360E-09 0.450E-37 0.167E-20 0.336E-22 0.629E-25 0.157E-11 0.162E+00 0.820E-03 0.465E-03 0.127E-08 0.124E-03 0.372E-05 0.494E-06 0.255E-04 0.390E-15 0.639E-07 0.134E-07 0.222E-10 0.205E-12 0.112E-17 0.333E-17
 57  0.25119E+03 1140.53 0.749E-14 0.836E+00 0.355E-08 0.450E-37 0.245E-18 0.217E-19 0.100E-21 0.653E-11 0.162E+00 0.820E-03 0.465E-03 0.769E-08 0.120E-03 0.596E-05 0.533E-06 0.261E-04 0.242E-13 0.792E-06 0.693E-07 0.123E-09 0.169E-11 0.120E-15 0.186E-15
 58  0.35481E+03 1258.45 0.987E-13 0.836E+00 0.272E-07 0.450E-37 0.133E-16 0.663E-17 0.686E-19 0.220E-10 0.162E+00 0.820E-03 0.465E-03 0.359E-07 0.123E-03 0.944E-05 0.528E-06 0.271E-04 0.911E-12 0.307E-05 0.134E-06 0.250E-09 0.507E-11 0.761E-14 0.170E-13
 59  0.50119E+03 1386.60 0.756E-12 0.836E+00 0.165E-06 0.450E-37 0.361E-15 0.104E-14 0.219E-16 0.616E-10 0.162E+00 0.821E-03 0.466E-03 0.133E-06 0.132E-03 0.147E-04 0.520E-06 0.273E-04 0.221E-10 0.335E-05 0.153E-06 0.285E-09 0.705E-11 0.301E-12 0.814E-12
 60  0.70795E+03 1525.37 0.446E-11 0.836E+00 0.818E-06 0.450E-37 0.661E-14 0.883E-13 0.345E-14 0.151E-09 0.162E+00 0.832E-03 0.478E-03 0.409E-06 0.143E-03 0.209E-04 0.511E-06 0.273E-04 0.362E-09 0.337E-05 0.169E-06 0.317E-09 0.935E-11 0.782E-11 0.226E-10
 61  0.10000E+04 1675.21 0.215E-10 0.836E+00 0.337E-05 0.188E-36 0.880E-13 0.430E-11 0.249E-12 0.385E-09 0.162E+00 0.887E-03 0.540E-03 0.120E-05 0.155E-03 0.273E-04 0.503E-06 0.273E-04 0.418E-08 0.342E-05 0.188E-06 0.357E-09 0.128E-10 0.140E-09 0.401E-09
